0 0.881245 0.146187 0.954217 0.200187 0.913494 0.374110 0.840522 0.320109
0 0.843920 0.697020 0.790447 0.601623 0.863856 0.471573 0.917329 0.566969
0 0.855375 0.790872 0.909612 0.888991 0.834453 1.020294 0.780216 0.922176
0 0.561234 0.780764 0.639510 0.794409 0.629001 0.984949 0.550725 0.971304
0 0.460296 0.753408 0.534999 0.759671 0.530012 0.947694 0.455308 0.941431
0 0.641367 0.508557 0.709320 0.563611 0.666185 0.731878 0.598232 0.676824
0 0.694512 0.546659 0.757271 0.620506 0.699196 0.776489 0.636438 0.702642
0 0.359271 0.759907 0.434229 0.759907 0.434229 0.949352 0.359271 0.949352
0 0.480365 0.304537 0.583958 0.304537 0.583958 0.434907 0.480365 0.434907
0 0.466822 0.482692 0.542173 0.480120 0.544168 0.664808 0.468817 0.667380
0 0.284167 0.021168 0.358215 0.016801 0.361588 0.197591 0.287540 0.201958
0 0.379547 0.015953 0.452809 0.018908 0.450516 0.198584 0.377253 0.195629
0 0.468889 0.017568 0.542199 0.023487 0.537621 0.202691 0.464312 0.196773
0 0.551097 0.020461 0.624584 0.025252 0.620877 0.205002 0.547390 0.200211
0 0.630570 0.008511 0.704647 0.015183 0.699508 0.195516 0.625431 0.188845
0 0.296610 0.262829 0.371319 0.266307 0.368645 0.447810 0.293936 0.444332
0 0.168012 0.556507 0.237678 0.501882 0.279545 0.670642 0.209880 0.725266
