0 0.843270 0.695802 0.791068 0.599026 0.865537 0.472069 0.917740 0.568845
0 0.694434 0.546586 0.757742 0.620516 0.700426 0.775636 0.637118 0.701706
0 0.642538 0.506849 0.719157 0.571527 0.674259 0.739623 0.597640 0.674945
0 0.466463 0.481436 0.541901 0.477924 0.544636 0.663601 0.469198 0.667113
0 0.284547 0.020090 0.358406 0.016193 0.361426 0.197141 0.287568 0.201038
0 0.379542 0.015669 0.453116 0.018637 0.450823 0.198313 0.377248 0.195345
0 0.469320 0.016969 0.542474 0.022647 0.538071 0.201939 0.464917 0.196261
0 0.551315 0.020255 0.624510 0.024799 0.620987 0.204153 0.547792 0.199609
0 0.630824 0.007910 0.706006 0.013979 0.701416 0.193692 0.626233 0.187623
0 0.882063 0.145368 0.954098 0.196589 0.915062 0.370095 0.843027 0.318874
0 0.483531 0.301694 0.586036 0.301694 0.586036 0.431361 0.483531 0.431361
0 0.297063 0.261963 0.370753 0.264936 0.368426 0.447213 0.294737 0.444240
0 0.168080 0.556269 0.237781 0.501100 0.279925 0.669379 0.210224 0.724548
0 0.359334 0.758636 0.434813 0.758402 0.435000 0.948744 0.359521 0.948978
0 0.460007 0.751620 0.535434 0.757943 0.530399 0.947742 0.454972 0.941418
0 0.561824 0.779666 0.640345 0.794585 0.628895 0.985056 0.550374 0.970137
0 0.855213 0.789606 0.909535 0.887196 0.834464 1.019265 0.780142 0.921675
