0 0.257315 0.080579 0.331179 0.071857 0.337950 0.253106 0.264087 0.261828
0 0.339671 0.087294 0.413283 0.080436 0.418626 0.261669 0.345013 0.268527
0 0.427765 0.093243 0.500323 0.083997 0.507584 0.264081 0.435026 0.273327
0 0.543323 0.075807 0.614399 0.110375 0.587500 0.285174 0.516424 0.250607
0 0.414069 0.312190 0.516934 0.333349 0.508431 0.463996 0.405566 0.442837
0 0.246153 0.391956 0.313282 0.335545 0.357190 0.500683 0.290062 0.557094
0 0.425091 0.538770 0.498622 0.529170 0.506232 0.713378 0.432700 0.722978
0 0.615601 0.530977 0.690530 0.536792 0.685982 0.721986 0.611053 0.716170
0 0.662820 0.532926 0.732584 0.585061 0.692117 0.756204 0.622353 0.704068
0 0.665297 0.773034 0.740917 0.789302 0.728104 0.977531 0.652484 0.961262
0 0.564828 0.784210 0.639552 0.769545 0.651244 0.957836 0.576521 0.972502
0 0.489852 0.768403 0.564536 0.782592 0.553247 0.970384 0.478563 0.956195
0 0.384616 0.780954 0.459707 0.771853 0.466931 0.960240 0.391840 0.969341
0 0.317521 0.756334 0.390716 0.785659 0.367260 0.970694 0.294065 0.941369
