0 0.238277 0.044414 0.311709 0.035743 0.318441 0.215929 0.245009 0.224600
0 0.320833 0.034591 0.393017 0.031231 0.395698 0.213289 0.323515 0.216649
0 0.395969 0.023075 0.469856 0.010427 0.479854 0.195018 0.405967 0.207666
0 0.484129 0.017867 0.557592 0.021058 0.555084 0.203448 0.481622 0.200257
0 0.571709 0.017370 0.644720 0.031929 0.633323 0.212565 0.560312 0.198006
0 0.400077 0.273865 0.502425 0.256025 0.509678 0.387524 0.407330 0.405364
0 0.386691 0.489880 0.490088 0.484746 0.492163 0.616851 0.388766 0.621986
0 0.272710 0.751687 0.347578 0.739574 0.357228 0.928082 0.282360 0.940195
0 0.349540 0.718425 0.423947 0.710334 0.430424 0.898584 0.356016 0.906675
0 0.426712 0.724946 0.501769 0.718653 0.506794 0.908082 0.431736 0.914374
0 0.484214 0.758672 0.551425 0.699878 0.598369 0.869485 0.531159 0.928279
0 0.600438 0.739434 0.675868 0.741307 0.674374 0.931538 0.598944 0.929666
0 0.598222 0.468419 0.669611 0.504572 0.641153 0.682173 0.569764 0.646021
0 0.855966 0.181519 0.928321 0.144635 0.958805 0.333629 0.886450 0.370514
0 0.888247 0.480830 0.963259 0.475241 0.967665 0.662114 0.892652 0.667703
0 0.897313 0.768427 0.972694 0.750784 0.986906 0.942702 0.911525 0.960345
