0 0.274864 0.062491 0.345940 0.032854 0.369225 0.209342 0.298148 0.238979
0 0.354736 0.038717 0.426461 0.032257 0.431655 0.214524 0.359929 0.220983
0 0.439830 0.049422 0.514205 0.049653 0.514024 0.233078 0.439650 0.232847
0 0.522263 0.049791 0.595558 0.060504 0.587195 0.241329 0.513901 0.230616
0 0.604695 0.065794 0.678515 0.085173 0.663737 0.263086 0.589918 0.243707
0 0.434473 0.266767 0.508221 0.267682 0.507507 0.449530 0.433758 0.448614
0 0.435360 0.495476 0.508382 0.514183 0.493468 0.698172 0.420446 0.679465
0 0.310576 0.781729 0.385289 0.772441 0.392799 0.963364 0.318086 0.972652
0 0.406493 0.761594 0.482420 0.768668 0.476778 0.960072 0.400851 0.952998
0 0.489162 0.746792 0.564258 0.757064 0.556062 0.946430 0.480966 0.936158
0 0.591995 0.747036 0.665642 0.782118 0.638000 0.965519 0.564353 0.930437
0 0.895163 0.489632 0.970234 0.474662 0.982139 0.663359 0.907068 0.678328
0 0.897074 0.766964 0.975090 0.749688 0.988723 0.944268 0.910706 0.961543
