0 0.261470 0.046038 0.334530 0.036043 0.342223 0.213777 0.269163 0.223771
0 0.340047 0.027965 0.410346 0.030365 0.408391 0.211442 0.338091 0.209043
0 0.413726 0.023111 0.487180 0.029498 0.482107 0.213907 0.408653 0.207521
0 0.498479 0.045374 0.571688 0.058824 0.561235 0.238653 0.488026 0.225204
0 0.581593 0.060075 0.652871 0.094979 0.626068 0.267971 0.554790 0.233068
0 0.416153 0.239800 0.489893 0.243919 0.486685 0.425367 0.412946 0.421247
0 0.421064 0.439512 0.495171 0.444803 0.491019 0.628590 0.416912 0.623299
0 0.273527 0.720816 0.348556 0.712424 0.355171 0.899332 0.280142 0.907724
0 0.357708 0.718519 0.430937 0.718519 0.430937 0.907963 0.357708 0.907963
0 0.435341 0.720233 0.510556 0.724902 0.506815 0.915332 0.431601 0.910663
0 0.514985 0.730181 0.590033 0.732743 0.587995 0.921513 0.512946 0.918952
0 0.592176 0.748845 0.667736 0.746970 0.669225 0.936562 0.593665 0.938438
0 0.895294 0.490975 0.971425 0.485303 0.975904 0.675293 0.899773 0.680966
0 0.899477 0.769506 0.974539 0.753121 0.987793 0.945032 0.912732 0.961416
