0 0.263832 0.043863 0.336785 0.037293 0.341882 0.216165 0.268929 0.222735
0 0.341091 0.031916 0.411669 0.033449 0.410430 0.213741 0.339852 0.212208
0 0.416914 0.025954 0.490478 0.036247 0.482305 0.220870 0.408741 0.210577
0 0.501204 0.051247 0.574001 0.067137 0.561608 0.246568 0.488811 0.230677
0 0.583794 0.068447 0.654197 0.104336 0.626310 0.277229 0.555908 0.241340
0 0.416618 0.243134 0.490458 0.250243 0.484934 0.431570 0.411094 0.424461
0 0.419730 0.443075 0.493594 0.450877 0.487494 0.633407 0.413630 0.625605
0 0.895137 0.490627 0.971777 0.484440 0.976675 0.676206 0.900035 0.682393
0 0.899398 0.768903 0.975198 0.752118 0.988654 0.944180 0.912854 0.960965
0 0.587552 0.757870 0.662344 0.757870 0.662344 0.947685 0.587552 0.947685
0 0.510378 0.737642 0.585248 0.741127 0.582456 0.930692 0.507585 0.927206
0 0.431502 0.724230 0.506341 0.731436 0.500581 0.920501 0.425743 0.913296
0 0.352865 0.721019 0.426458 0.721019 0.426458 0.910074 0.352865 0.910074
0 0.269813 0.719988 0.344741 0.714172 0.349354 0.902003 0.274426 0.907818
0 0.446468 0.869424 0.503405 0.892979 0.489001 1.003020 0.432064 0.979465
0 0.488016 0.884361 0.576528 0.943820 0.554239 1.048685 0.465727 0.989226
0 0.484354 0.942037 0.599375 0.942037 0.599375 1.000000 0.484354 1.000000
