0 0.230172 0.032050 0.302558 0.023052 0.309567 0.201246 0.237181 0.210245
0 0.303048 0.042753 0.375239 0.031073 0.384327 0.208617 0.312136 0.220297
0 0.375538 0.045284 0.443664 -0.004883 0.483025 0.164050 0.414898 0.214217
0 0.473974 0.008485 0.547460 0.007117 0.548536 0.189774 0.475050 0.191142
0 0.554323 0.025926 0.627828 0.025926 0.627828 0.206296 0.554323 0.206296
0 0.251970 0.229538 0.312470 0.304014 0.253962 0.454230 0.193462 0.379755
0 0.267821 0.257507 0.338288 0.290138 0.312361 0.467086 0.241895 0.434454
0 0.415262 0.260198 0.488796 0.265449 0.484676 0.447830 0.411141 0.442579
0 0.412775 0.449219 0.486687 0.452659 0.483975 0.636726 0.410063 0.633285
0 0.288548 0.711124 0.363579 0.701562 0.371155 0.889460 0.296124 0.899021
0 0.385151 0.692985 0.459636 0.704803 0.450141 0.893950 0.375655 0.882132
0 0.461672 0.689397 0.536693 0.692890 0.533906 0.882066 0.458885 0.878573
0 0.547701 0.709930 0.621698 0.715674 0.617096 0.903060 0.543099 0.897317
0 0.646234 0.473181 0.719113 0.483833 0.710558 0.668838 0.637678 0.658186
0 0.712452 0.471443 0.775530 0.544545 0.718064 0.701260 0.654986 0.628159
0 0.879452 0.534867 0.944605 0.468264 0.999537 0.638095 0.934385 0.704699
0 0.899433 0.770284 0.975234 0.753977 0.988213 0.944651 0.912412 0.960958
