0 0.336485 0.052351 0.405727 0.014716 0.435953 0.190473 0.366710 0.228108
0 0.284212 0.251319 0.358198 0.245576 0.362658 0.427172 0.288671 0.432915
0 0.427754 0.289814 0.502169 0.279634 0.510090 0.462631 0.435674 0.472810
0 0.450531 0.048487 0.524503 0.036056 0.534282 0.219958 0.460309 0.232389
0 0.529067 0.039149 0.601745 0.025569 0.612438 0.206443 0.539760 0.220023
0 0.438759 0.527669 0.514211 0.518053 0.521773 0.705600 0.446320 0.715215
0 0.606885 0.485303 0.680559 0.515061 0.657282 0.697206 0.583607 0.667449
0 0.316463 0.764041 0.391275 0.789412 0.370949 0.978839 0.296137 0.953468
0 0.410704 0.781753 0.486257 0.778705 0.488723 0.971905 0.413170 0.974953
0 0.523019 0.780947 0.598584 0.784934 0.595393 0.976109 0.519827 0.972122
0 0.614171 0.806104 0.691124 0.814232 0.684761 1.004637 0.607808 0.996509
0 0.898550 0.505345 0.974622 0.464257 1.007122 0.654423 0.931050 0.695512
0 0.917302 0.757533 0.995807 0.791813 0.969151 0.984745 0.890646 0.950465
