0 0.262601 0.034584 0.335198 0.029851 0.338899 0.209314 0.266302 0.214047
0 0.335023 0.051359 0.405575 0.013490 0.435404 0.189132 0.364852 0.227000
0 0.449884 0.048949 0.523637 0.035400 0.534324 0.219245 0.460571 0.232795
0 0.528881 0.039323 0.602793 0.025976 0.613098 0.206335 0.539186 0.219682
0 0.427763 0.289467 0.502182 0.279984 0.509554 0.462829 0.435136 0.472313
0 0.284742 0.249881 0.359317 0.245020 0.363112 0.429035 0.288537 0.433897
0 0.438909 0.528285 0.514147 0.518931 0.521503 0.705938 0.446264 0.715291
0 0.606866 0.486013 0.680233 0.514690 0.657702 0.696876 0.584334 0.668199
0 0.613453 0.805263 0.690547 0.812206 0.685042 1.005385 0.607948 0.998442
0 0.523045 0.781051 0.599353 0.785788 0.595601 0.976792 0.519293 0.972055
0 0.410211 0.782453 0.485638 0.778005 0.489227 0.970316 0.413799 0.974764
0 0.315536 0.764402 0.390039 0.787042 0.371755 0.977200 0.297253 0.954560
0 0.918038 0.758245 0.996171 0.792620 0.969452 0.984561 0.891319 0.950186
0 0.899039 0.507836 0.973768 0.464413 1.008195 0.651664 0.933466 0.695087
