0 0.361976 0.055640 0.437129 0.047234 0.443837 0.236776 0.368683 0.245182
0 0.251043 0.263531 0.324111 0.242026 0.340842 0.421701 0.267774 0.443205
0 0.218678 0.492662 0.296130 0.497470 0.292468 0.683903 0.215015 0.679095
0 0.295067 0.761233 0.370717 0.764050 0.368412 0.959646 0.292762 0.956829
0 0.384500 0.769536 0.459348 0.786346 0.445662 0.978945 0.370814 0.962135
0 0.470000 0.783148 0.545948 0.783148 0.545948 0.975278 0.470000 0.975278
0 0.551302 0.752481 0.626719 0.752481 0.626719 0.943333 0.551302 0.943333
0 0.617768 0.513315 0.686332 0.567330 0.643769 0.738084 0.575205 0.684068
0 0.433297 0.479531 0.508030 0.476284 0.510625 0.665024 0.435892 0.668271
0 0.460400 0.235653 0.533590 0.253014 0.519938 0.434912 0.446748 0.417550
0 0.594299 0.239226 0.665952 0.280124 0.634164 0.456135 0.562512 0.415237
0 0.902626 0.264989 1.006733 0.279880 1.000525 0.417048 0.896418 0.402157
0 0.898904 0.505492 0.974726 0.465564 1.006695 0.657434 0.930873 0.697362
0 0.922562 0.766364 1.002167 0.787262 0.985605 0.986655 0.905999 0.965757
