0 0.883140 0.295870 0.989547 0.260810 1.003683 0.396399 0.897276 0.431459
0 0.358188 0.059051 0.434401 0.051950 0.440005 0.242041 0.363792 0.249142
0 0.442785 0.030261 0.516493 0.020408 0.524309 0.205192 0.450600 0.215045
0 0.555022 0.023467 0.628402 0.023923 0.628046 0.205310 0.554666 0.204855
0 0.248694 0.269053 0.321270 0.246070 0.339264 0.425660 0.266688 0.448643
0 0.456744 0.238743 0.530508 0.254844 0.517959 0.436535 0.444195 0.420434
0 0.590698 0.239780 0.662271 0.279410 0.631578 0.454600 0.560005 0.414969
0 0.433750 0.500037 0.538396 0.500037 0.538396 0.633333 0.433750 0.633333
0 0.217341 0.500672 0.293740 0.502568 0.292284 0.687976 0.215885 0.686080
0 0.610834 0.510438 0.680266 0.560559 0.640801 0.733340 0.571370 0.683218
0 0.550880 0.751194 0.626094 0.751194 0.626094 0.942037 0.550880 0.942037
0 0.469607 0.784115 0.545296 0.782001 0.546987 0.973394 0.471298 0.975508
0 0.384031 0.772426 0.458705 0.788021 0.446052 0.979500 0.371378 0.963905
0 0.294992 0.765645 0.370479 0.766582 0.369727 0.958151 0.294239 0.957214
0 0.895825 0.500972 0.971265 0.458943 1.004649 0.648324 0.929209 0.690353
0 0.927766 0.767783 1.007314 0.789423 0.990312 0.986957 0.910764 0.965317
