0 0.284487 0.021099 0.358110 0.016071 0.362002 0.196179 0.288379 0.201207
0 0.379889 0.014980 0.453105 0.017479 0.451152 0.198279 0.377937 0.195780
0 0.469981 0.016986 0.542486 0.023741 0.537206 0.202847 0.464701 0.196092
0 0.551167 0.020096 0.625002 0.024680 0.621463 0.204839 0.547628 0.200255
0 0.630622 0.007890 0.704458 0.013851 0.699852 0.194165 0.626016 0.188205
0 0.480428 0.304440 0.584017 0.301869 0.585046 0.432791 0.481457 0.435363
0 0.296799 0.262786 0.370592 0.264847 0.368982 0.446964 0.295190 0.444903
0 0.168544 0.556706 0.237449 0.501910 0.279524 0.669128 0.210619 0.723923
0 0.467745 0.475667 0.544531 0.475667 0.544531 0.666241 0.467745 0.666241
0 0.460203 0.753067 0.535266 0.759127 0.530459 0.947340 0.455395 0.941281
0 0.359531 0.759537 0.434792 0.759537 0.434792 0.948519 0.359531 0.948519
0 0.562391 0.779302 0.639553 0.794689 0.627525 0.985318 0.550364 0.969931
0 0.641909 0.507261 0.717265 0.569730 0.673216 0.737665 0.597860 0.675196
0 0.693995 0.546673 0.757336 0.620361 0.700036 0.776030 0.636695 0.702343
0 0.882597 0.146080 0.953761 0.198742 0.913340 0.371374 0.842176 0.318711
0 0.844514 0.697135 0.790840 0.600034 0.864814 0.470800 0.918488 0.567901
0 0.856775 0.790988 0.909836 0.889699 0.833360 1.019624 0.780299 0.920912
