0 0.765773 0.266700 0.839573 0.261430 0.843722 0.445069 0.769922 0.450339
0 0.316117 0.041545 0.387489 0.022808 0.402248 0.200492 0.330876 0.219229
0 0.399039 0.043286 0.471344 0.012188 0.496029 0.193585 0.423724 0.224682
0 0.500781 0.021574 0.575000 0.021574 0.575000 0.203981 0.500781 0.203981
0 0.574491 0.038703 0.643960 -0.007472 0.679530 0.161658 0.610060 0.207833
0 0.683109 0.081485 0.757127 0.080337 0.758005 0.259237 0.683987 0.260386
0 0.681892 0.269192 0.756987 0.260325 0.763858 0.444243 0.688763 0.453111
0 0.891842 0.297517 0.999084 0.254202 1.016809 0.392899 0.909568 0.436214
0 0.118132 0.382042 0.194784 0.384659 0.192785 0.569810 0.116132 0.567193
0 0.124176 0.573254 0.197506 0.586956 0.186517 0.772839 0.113186 0.759137
0 0.029741 0.572783 0.104431 0.566986 0.108977 0.752124 0.034288 0.757922
0 0.033060 0.769365 0.108567 0.773115 0.105633 0.959894 0.030126 0.956144
0 0.114678 0.796336 0.188546 0.784616 0.198005 0.973034 0.124137 0.984754
0 0.285371 0.381538 0.326724 0.488506 0.236671 0.598536 0.195318 0.491568
0 0.300229 0.777376 0.374165 0.746546 0.398724 0.932689 0.324788 0.963519
0 0.400529 0.749758 0.475236 0.756486 0.469794 0.947473 0.395087 0.940745
0 0.485906 0.735531 0.561187 0.731092 0.564730 0.920913 0.489448 0.925353
0 0.561754 0.743950 0.633810 0.702081 0.667012 0.882670 0.594956 0.924539
0 0.921371 0.773744 1.001111 0.800786 0.979993 0.997589 0.900254 0.970547
0 0.896215 0.504788 0.970684 0.461260 1.005644 0.650296 0.931175 0.693823
0 0.591964 0.473004 0.657131 0.538817 0.605390 0.700737 0.540223 0.634923
0 0.422743 0.502136 0.497070 0.506289 0.493809 0.690762 0.419482 0.686610
0 0.402748 0.282589 0.509786 0.278935 0.511184 0.408356 0.404146 0.412009
0 0.548130 0.274921 0.620786 0.241997 0.646161 0.418977 0.573505 0.451901
0 0.225483 0.061717 0.295039 0.021300 0.326684 0.193422 0.257128 0.233839
