0 0.032099 0.770538 0.108112 0.772425 0.106630 0.961110 0.030617 0.959223
0 0.114957 0.795931 0.189087 0.785327 0.197632 0.974134 0.123502 0.984737
0 0.123801 0.574599 0.196682 0.586390 0.187184 0.771929 0.114303 0.760138
0 0.119271 0.384722 0.194062 0.384722 0.194062 0.567407 0.119271 0.567407
0 0.282473 0.383503 0.324968 0.491396 0.237532 0.600238 0.195037 0.492345
0 0.301125 0.776708 0.374158 0.746494 0.398557 0.932894 0.325524 0.963107
0 0.400661 0.748912 0.476597 0.757168 0.470011 0.948616 0.394075 0.940359
0 0.486192 0.735970 0.561058 0.732252 0.564017 0.920549 0.489150 0.924267
0 0.562491 0.743338 0.634318 0.702831 0.666488 0.883125 0.594662 0.923632
0 0.592126 0.473094 0.657062 0.539476 0.605186 0.699860 0.540250 0.633478
0 0.422203 0.502378 0.496007 0.504897 0.494011 0.689696 0.420207 0.687177
0 0.405467 0.282290 0.508832 0.279082 0.510101 0.408312 0.406736 0.411520
0 0.548255 0.273014 0.621232 0.241148 0.645828 0.419171 0.572851 0.451037
0 0.224367 0.063842 0.292543 0.019968 0.327326 0.190787 0.259150 0.234661
0 0.030080 0.573443 0.105248 0.568076 0.109420 0.752733 0.034252 0.758100
0 0.316246 0.039411 0.388265 0.022555 0.401488 0.201116 0.329469 0.217972
0 0.398294 0.043013 0.471230 0.009239 0.497951 0.191607 0.425015 0.225382
0 0.501302 0.021824 0.573599 0.021824 0.573599 0.203611 0.501302 0.203611
0 0.575598 0.038340 0.645013 -0.006576 0.679824 0.163456 0.610409 0.208372
0 0.682837 0.081756 0.757205 0.079910 0.758621 0.260170 0.684253 0.262016
0 0.682099 0.269371 0.757458 0.259533 0.765078 0.443999 0.689719 0.453837
0 0.767229 0.265667 0.840377 0.262034 0.843261 0.445555 0.770112 0.449188
0 0.892212 0.296798 0.999207 0.256367 1.015747 0.394702 0.908752 0.435133
0 0.897258 0.503327 0.972856 0.463262 1.004762 0.653534 0.929165 0.693599
0 0.921498 0.772967 1.003395 0.801532 0.981637 0.998690 0.899740 0.970125
