0 0.038392 0.512073 0.116819 0.525253 0.106519 0.718954 0.028093 0.705775
0 0.036279 0.723695 0.117545 0.727983 0.114294 0.922749 0.033028 0.918461
0 0.126702 0.707275 0.206545 0.717698 0.198438 0.913938 0.118596 0.903515
0 0.129458 0.491930 0.209390 0.503863 0.200245 0.697477 0.120313 0.685545
0 0.211511 0.456065 0.282309 0.404957 0.322431 0.580620 0.251634 0.631728
0 0.373541 0.331285 0.447494 0.314443 0.460767 0.498641 0.386814 0.515483
0 0.535889 0.442254 0.610516 0.447582 0.606299 0.634265 0.531671 0.628936
0 0.232319 0.662501 0.309368 0.646652 0.321879 0.838879 0.244830 0.854728
0 0.315206 0.667517 0.391413 0.655426 0.400982 0.846029 0.324774 0.858121
0 0.406081 0.663880 0.481874 0.669292 0.477586 0.859074 0.401793 0.853662
0 0.475301 0.699306 0.551039 0.684203 0.562861 0.871565 0.487122 0.886668
0 0.557604 0.676139 0.634354 0.676139 0.634354 0.863926 0.557604 0.863926
0 0.640948 0.677186 0.717482 0.666239 0.726031 0.855147 0.649497 0.866094
0 0.623689 0.450357 0.709524 0.432161 0.723014 0.633282 0.637179 0.651478
0 0.407934 0.350567 0.479434 0.315317 0.507274 0.493785 0.435775 0.529035
0 0.889988 0.274379 0.992514 0.317802 0.975242 0.446695 0.872715 0.403272
0 0.897698 0.515969 0.970848 0.466829 1.010323 0.652550 0.937173 0.701689
0 0.880526 0.793509 0.949799 0.715956 1.009495 0.884482 0.940222 0.962035
