0 0.606175 0.459114 0.672529 0.445465 0.682695 0.601673 0.616341 0.615322
0 0.142779 0.471854 0.206347 0.485530 0.196023 0.637201 0.132455 0.623526
0 0.139111 0.637977 0.203321 0.643361 0.199233 0.797449 0.135023 0.792065
0 0.215548 0.461511 0.278678 0.472515 0.270280 0.624776 0.207150 0.613772
0 0.211926 0.630070 0.274550 0.641772 0.265511 0.794652 0.202888 0.782950
0 0.295131 0.601137 0.355012 0.591823 0.362363 0.741206 0.302483 0.750520
0 0.360945 0.609517 0.421741 0.603663 0.426242 0.751409 0.365446 0.757263
0 0.431581 0.608840 0.492113 0.617877 0.484976 0.768956 0.424445 0.759920
0 0.486347 0.641436 0.545511 0.634819 0.550747 0.782749 0.491582 0.789366
0 0.550357 0.628550 0.610144 0.631334 0.607961 0.779551 0.548174 0.776768
0 0.615734 0.634833 0.676022 0.628277 0.681115 0.776306 0.620827 0.782862
0 0.281294 0.435866 0.338084 0.399319 0.366883 0.540754 0.310093 0.577301
0 0.411492 0.345762 0.470978 0.337068 0.477790 0.484349 0.418303 0.493043
0 0.436855 0.366025 0.494353 0.339399 0.515239 0.481948 0.457741 0.508574
0 0.537608 0.443110 0.597005 0.451235 0.590601 0.599205 0.531203 0.591080
0 0.821433 0.328985 0.902557 0.368711 0.886640 0.471440 0.805516 0.431715
0 0.819579 0.519252 0.878456 0.486250 0.904926 0.635498 0.846049 0.668500
0 0.798648 0.734342 0.855609 0.679818 0.897242 0.817278 0.840282 0.871803
0 0.971000 0.783189 1.025285 0.777625 1.030323 0.932950 0.976038 0.938514
