0 0.818439 0.630175 0.921081 0.622208 0.927113 0.867807 0.824471 0.875774
0 0.482820 0.148606 0.579225 0.135719 0.589368 0.375533 0.492963 0.388420
0 0.523140 0.179317 0.618148 0.139079 0.649214 0.370905 0.554206 0.411144
0 0.688773 0.310206 0.786753 0.326365 0.774180 0.567312 0.676200 0.551153
0 0.809686 0.329739 0.922638 0.311818 0.935996 0.577899 0.823044 0.595821
0 0.059782 0.342666 0.152673 0.362942 0.136015 0.604131 0.043124 0.583854
0 0.051256 0.604450 0.148422 0.619563 0.136572 0.860356 0.039406 0.845243
0 0.170378 0.329248 0.267430 0.349516 0.251549 0.589845 0.154498 0.569577
0 0.161693 0.596753 0.258682 0.618536 0.241359 0.862311 0.144370 0.840529
0 0.274156 0.288523 0.364869 0.234563 0.408084 0.464172 0.317371 0.518131
0 0.293294 0.556012 0.387708 0.543981 0.397497 0.786756 0.303083 0.798788
0 0.397469 0.573548 0.493835 0.569661 0.496859 0.806544 0.400493 0.810432
0 0.511987 0.579044 0.608822 0.595014 0.596179 0.837289 0.499345 0.821319
0 0.601407 0.633317 0.698452 0.624880 0.705119 0.867229 0.608074 0.875667
0 0.708465 0.611852 0.810071 0.627020 0.798613 0.869602 0.697007 0.854433
