0 0.150990 0.241898 0.225260 0.241898 0.225260 0.424074 0.150990 0.424074
0 0.070197 0.230259 0.142960 0.255169 0.123516 0.434667 0.050754 0.409757
0 0.916616 0.283951 1.002995 0.248498 1.020754 0.385253 0.934375 0.420706
0 0.926578 0.485526 1.002922 0.480075 1.007329 0.675103 0.930984 0.680554
0 0.413129 0.269210 0.486378 0.273075 0.483277 0.458836 0.410028 0.454971
0 0.558875 0.393190 0.631810 0.417221 0.612854 0.599051 0.539919 0.575019
0 0.657460 0.436250 0.738876 0.420782 0.750754 0.618361 0.669337 0.633829
0 0.665326 0.644833 0.740729 0.660106 0.728867 0.845195 0.653464 0.829922
0 0.542424 0.619790 0.616428 0.623006 0.613893 0.807404 0.539889 0.804189
0 0.444229 0.621688 0.517775 0.642397 0.501422 0.825951 0.427876 0.805242
0 0.354980 0.605101 0.428448 0.623225 0.414327 0.804140 0.340859 0.786016
0 0.259085 0.600040 0.333641 0.610704 0.325285 0.795321 0.250729 0.784657
0 0.140515 0.656770 0.216553 0.651341 0.220708 0.835267 0.144671 0.840696
0 0.065482 0.641739 0.139508 0.656733 0.128044 0.835604 0.054018 0.820609
0 0.067937 0.435369 0.140394 0.459011 0.121563 0.641418 0.049106 0.617776
0 0.145617 0.446145 0.220777 0.439610 0.225779 0.621411 0.150619 0.627946
