0 0.065136 0.654580 0.140339 0.660884 0.135453 0.845087 0.060250 0.838782
0 0.069238 0.232474 0.142872 0.244157 0.133731 0.426239 0.060097 0.414556
0 0.073671 0.436142 0.147589 0.451579 0.135319 0.637275 0.061400 0.621837
0 0.150030 0.649143 0.226158 0.657895 0.219381 0.844191 0.143254 0.835439
0 0.150747 0.431186 0.226105 0.458199 0.205357 0.641129 0.129999 0.614116
0 0.155472 0.223408 0.229196 0.231654 0.222773 0.413166 0.149049 0.404920
0 0.232194 0.621683 0.305723 0.594613 0.326665 0.774391 0.253136 0.801461
0 0.330864 0.609470 0.405946 0.612732 0.403438 0.795122 0.328356 0.791860
0 0.426543 0.625889 0.500648 0.634870 0.493608 0.818453 0.419504 0.809472
0 0.501975 0.637146 0.576717 0.632274 0.580525 0.816909 0.505783 0.821781
0 0.580666 0.633192 0.655997 0.637167 0.652928 0.821012 0.577597 0.817037
0 0.676763 0.624947 0.749626 0.652245 0.728201 0.832988 0.655338 0.805691
0 0.667866 0.429582 0.744866 0.418327 0.753770 0.610844 0.676769 0.622099
0 0.400067 0.277910 0.474605 0.263982 0.485568 0.449424 0.411031 0.463351
0 0.917419 0.282267 1.008235 0.246475 1.025268 0.383066 0.934452 0.418859
0 0.920259 0.504503 0.996481 0.468447 1.024866 0.658099 0.948644 0.694154
0 0.934439 0.782725 1.008583 0.761612 1.026014 0.955081 0.951870 0.976194
