0 0.475281 0.631224 0.549216 0.625715 0.553531 0.808748 0.479596 0.814257
0 0.920600 0.503855 0.996474 0.468971 1.024113 0.658970 0.948240 0.693854
0 0.917092 0.281804 1.009708 0.243791 1.027637 0.381854 0.935021 0.419866
0 0.663037 0.386740 0.739965 0.385308 0.741094 0.576973 0.664166 0.578405
0 0.657252 0.647985 0.731810 0.640806 0.737466 0.826488 0.662909 0.833666
0 0.070901 0.230299 0.143739 0.243453 0.133334 0.425571 0.060495 0.412418
0 0.154718 0.223669 0.228883 0.231965 0.222512 0.412016 0.148346 0.403721
0 0.150710 0.433748 0.224726 0.459325 0.205045 0.639326 0.131029 0.613749
0 0.073731 0.436516 0.147011 0.454361 0.132899 0.637503 0.059620 0.619657
0 0.064593 0.654243 0.140908 0.662541 0.134647 0.844544 0.058331 0.836246
0 0.149523 0.647327 0.225868 0.658724 0.217227 0.841664 0.140882 0.830266
0 0.296958 0.593771 0.369976 0.621600 0.348053 0.803395 0.275035 0.775567
0 0.393675 0.613467 0.466631 0.634242 0.450231 0.816264 0.377275 0.795490
0 0.402133 0.263919 0.477343 0.273972 0.469539 0.458498 0.394329 0.448444
0 0.516250 0.390926 0.590776 0.390926 0.590776 0.575370 0.516250 0.575370
0 0.562866 0.632574 0.637148 0.623340 0.644410 0.807954 0.570128 0.817188
0 0.934052 0.782640 1.005918 0.761260 1.024166 0.955129 0.952301 0.976509
