0 0.234503 0.614534 0.309422 0.609418 0.313429 0.794873 0.238511 0.799990
0 0.066143 0.654615 0.140642 0.662947 0.134221 0.844376 0.059723 0.836043
0 0.150131 0.646525 0.225392 0.656586 0.217625 0.840234 0.142363 0.830174
0 0.404686 0.600110 0.475637 0.637713 0.445757 0.815899 0.374806 0.778296
0 0.469687 0.632870 0.543958 0.632870 0.543958 0.817500 0.469687 0.817500
0 0.155430 0.222149 0.229892 0.233032 0.221565 0.413092 0.147103 0.402208
0 0.560514 0.632802 0.633727 0.642132 0.626314 0.825985 0.553101 0.816655
0 0.657224 0.664815 0.732428 0.642442 0.749714 0.826074 0.674509 0.848447
0 0.666737 0.405160 0.742671 0.400210 0.746653 0.593284 0.670720 0.598234
0 0.411755 0.268221 0.485782 0.286248 0.471673 0.469362 0.397645 0.451335
0 0.917065 0.281512 1.004432 0.248781 1.020607 0.385238 0.933240 0.417969
0 0.920720 0.504439 0.996633 0.469788 1.023946 0.658904 0.948034 0.693555
0 0.935126 0.782110 1.004336 0.762622 1.021613 0.956548 0.952403 0.976035
0 0.317410 0.601310 0.390785 0.612952 0.381631 0.795301 0.308256 0.783659
0 0.068753 0.230872 0.141564 0.241059 0.133544 0.422230 0.060733 0.412043
