0 0.483049 0.634693 0.556840 0.648481 0.546024 0.831427 0.472233 0.817639
0 0.070185 0.225640 0.143855 0.237559 0.134497 0.420360 0.060827 0.408441
0 0.155503 0.221233 0.229700 0.229070 0.223617 0.411091 0.149420 0.403255
0 0.065998 0.655333 0.140049 0.662693 0.134315 0.845010 0.060264 0.837650
0 0.150291 0.646697 0.225812 0.657028 0.217902 0.839793 0.142380 0.829463
0 0.402463 0.258248 0.476955 0.257092 0.477865 0.442372 0.403373 0.443528
0 0.328039 0.601636 0.399359 0.643569 0.366956 0.817753 0.295635 0.775820
0 0.421960 0.589710 0.492317 0.629388 0.460603 0.807123 0.390245 0.767445
0 0.935178 0.782496 1.003551 0.763027 1.020994 0.956633 0.952621 0.976103
0 0.919903 0.504774 0.996410 0.467566 1.025518 0.656726 0.949012 0.693934
0 0.917194 0.282538 1.000780 0.249050 1.018072 0.385462 0.934486 0.418950
0 0.661118 0.403481 0.736906 0.408893 0.732647 0.597398 0.656859 0.591987
0 0.658222 0.644505 0.732619 0.619513 0.752304 0.804727 0.677907 0.829718
0 0.550464 0.642871 0.623902 0.622660 0.639838 0.805666 0.566400 0.825877
