0 0.360420 0.758612 0.434814 0.757689 0.435559 0.947573 0.361165 0.948496
0 0.165922 0.555047 0.235475 0.502050 0.276490 0.672176 0.206937 0.725172
0 0.297021 0.262564 0.370878 0.264398 0.369448 0.446463 0.295591 0.444630
0 0.285021 0.020570 0.358284 0.016022 0.361827 0.196412 0.288565 0.200960
0 0.379777 0.015995 0.452649 0.018482 0.450712 0.197829 0.377840 0.195342
0 0.469178 0.017581 0.541926 0.023002 0.537697 0.202382 0.464949 0.196961
0 0.550835 0.020805 0.624302 0.024681 0.621311 0.203843 0.547844 0.199967
0 0.630580 0.008087 0.704528 0.014516 0.699603 0.193543 0.625655 0.187113
0 0.508091 0.245762 0.580667 0.277692 0.555331 0.459701 0.482755 0.427771
0 0.466763 0.479599 0.542093 0.477028 0.544101 0.662938 0.468771 0.665509
0 0.454662 0.742679 0.529293 0.761325 0.514515 0.948257 0.439884 0.929610
0 0.560047 0.779692 0.638819 0.791944 0.629442 0.982484 0.550670 0.970232
0 0.657569 0.803415 0.732204 0.829687 0.711535 1.015261 0.636901 0.988989
0 0.716659 0.573350 0.779442 0.649488 0.720768 0.802400 0.657985 0.726262
0 0.888394 0.763741 0.954187 0.828842 0.903038 0.992213 0.837246 0.927112
0 0.871326 0.489635 0.942288 0.534061 0.907638 0.708986 0.836675 0.664559
0 0.896681 0.508906 0.957734 0.591590 0.895058 0.737854 0.834006 0.655170
0 0.959586 0.173934 0.993913 0.289192 0.900243 0.377362 0.865916 0.262104
0 0.615127 0.306311 0.678472 0.239711 0.730988 0.397578 0.667643 0.464177
0 0.633311 0.534120 0.705806 0.564111 0.682267 0.743936 0.609772 0.713944
