0 0.659442 0.658787 0.734646 0.638090 0.750938 0.825185 0.675735 0.845882
0 0.655365 0.419537 0.734115 0.419537 0.734115 0.612963 0.655365 0.612963
0 0.403414 0.259857 0.477885 0.262399 0.475862 0.449670 0.401391 0.447128
0 0.065662 0.658209 0.139738 0.663728 0.135447 0.845708 0.061372 0.840188
0 0.155057 0.221452 0.229146 0.230431 0.222214 0.411206 0.148125 0.402226
0 0.070363 0.225805 0.143487 0.237864 0.134001 0.419649 0.060878 0.407589
0 0.151628 0.646869 0.225867 0.657025 0.217924 0.840529 0.143685 0.830373
0 0.917878 0.281605 1.003179 0.247152 1.020627 0.383682 0.935327 0.418135
0 0.920533 0.504967 0.996020 0.468506 1.024712 0.656246 0.949225 0.692707
0 0.935110 0.782820 1.001334 0.763963 1.018781 0.957606 0.952557 0.976463
