0 0.405823 0.718919 0.477143 0.683041 0.505359 0.860312 0.434040 0.896190
0 0.932781 0.782029 1.003813 0.760444 1.022417 0.953934 0.951385 0.975519
0 0.122478 0.512737 0.198338 0.518389 0.193970 0.703680 0.118110 0.698028
0 0.118960 0.720722 0.193597 0.725587 0.189790 0.910176 0.115153 0.905311
0 0.211042 0.731481 0.285885 0.731481 0.285885 0.918759 0.211042 0.918759
0 0.207580 0.520691 0.281285 0.514511 0.286102 0.696097 0.212397 0.702276
0 0.331367 0.687895 0.402700 0.721875 0.375909 0.899623 0.304576 0.865644
0 0.494327 0.699303 0.564524 0.657062 0.597720 0.831410 0.527522 0.873651
0 0.624412 0.732888 0.697629 0.695072 0.727406 0.877279 0.654188 0.915095
0 0.623020 0.439262 0.698018 0.409459 0.721600 0.597007 0.646601 0.626810
0 0.410151 0.368277 0.482450 0.343060 0.502307 0.523000 0.430009 0.548217
0 0.916621 0.281991 1.003009 0.247099 1.020457 0.383629 0.934070 0.418521
0 0.918756 0.506037 0.995582 0.469185 1.023952 0.656111 0.947127 0.692963
