0 0.331313 0.687877 0.402839 0.722425 0.375568 0.900873 0.304041 0.866325
0 0.405344 0.720143 0.476642 0.683558 0.505427 0.860848 0.434129 0.897433
0 0.118601 0.719939 0.193233 0.725500 0.188910 0.908867 0.114278 0.903306
0 0.493723 0.700748 0.562896 0.656959 0.597641 0.830428 0.528469 0.874217
0 0.122685 0.512316 0.197417 0.517884 0.193049 0.703147 0.118318 0.697579
0 0.623711 0.735216 0.695597 0.695167 0.727570 0.876543 0.655684 0.916592
0 0.639298 0.416741 0.715728 0.440700 0.696936 0.630166 0.620506 0.606207
0 0.427615 0.376629 0.501246 0.366557 0.509130 0.548695 0.435498 0.558767
0 0.917042 0.282836 1.002165 0.249564 1.019000 0.385683 0.933876 0.418955
0 0.918986 0.505436 0.995111 0.470688 1.022378 0.659490 0.946254 0.694238
0 0.934859 0.781825 1.001578 0.764310 1.017646 0.957758 0.950927 0.975273
0 0.548749 0.778546 0.624146 0.860685 0.581470 0.984491 0.506073 0.902352
0 0.512400 0.762776 0.590357 0.807807 0.563954 0.952270 0.485997 0.907240
0 0.473438 0.764630 0.550260 0.764630 0.550260 0.932583 0.473438 0.932583
0 0.209200 0.734191 0.284048 0.730939 0.286607 0.917096 0.211759 0.920348
0 0.206677 0.520498 0.281729 0.514206 0.286584 0.697243 0.211532 0.703535
