0 0.769651 0.681905 0.855725 0.717233 0.831459 0.904095 0.745384 0.868767
0 0.123328 0.511732 0.198493 0.518268 0.193386 0.703898 0.118221 0.697362
0 0.118780 0.719034 0.193880 0.722530 0.191136 0.908790 0.116037 0.905294
0 0.210677 0.729935 0.285469 0.729935 0.285469 0.918889 0.210677 0.918889
0 0.207322 0.519709 0.281731 0.513008 0.286975 0.697031 0.212565 0.703733
0 0.331143 0.687106 0.403053 0.722079 0.375596 0.900505 0.303687 0.865532
0 0.405183 0.719744 0.476962 0.682913 0.505723 0.860061 0.433945 0.896893
0 0.427199 0.377566 0.501088 0.366073 0.510036 0.547888 0.436146 0.559380
0 0.493906 0.699771 0.564059 0.657071 0.597505 0.830739 0.527352 0.873439
0 0.640000 0.417467 0.715283 0.441789 0.696119 0.629255 0.620837 0.604933
0 0.622482 0.734948 0.695243 0.692919 0.728773 0.876376 0.656012 0.918405
0 0.810906 0.694606 0.891977 0.778154 0.837428 0.945449 0.756356 0.861901
0 0.849367 0.723073 0.914665 0.854745 0.831008 0.985862 0.765710 0.854190
0 0.933387 0.781756 1.004035 0.761189 1.021837 0.954448 0.951189 0.975015
0 0.918859 0.505030 0.994785 0.469114 1.023126 0.658470 0.947200 0.694386
0 0.916399 0.283261 1.002852 0.249187 1.019799 0.385091 0.933346 0.419165
