0 0.119280 0.717663 0.194069 0.722771 0.190043 0.909059 0.115254 0.903952
0 0.123222 0.511614 0.198757 0.518182 0.193653 0.703701 0.118118 0.697133
0 0.210377 0.733018 0.285010 0.731860 0.285925 0.918325 0.211292 0.919483
0 0.207011 0.521799 0.281187 0.515119 0.286364 0.696821 0.212188 0.703501
0 0.307552 0.693704 0.381719 0.693704 0.381719 0.878426 0.307552 0.878426
0 0.388608 0.683714 0.463157 0.686722 0.460803 0.871110 0.386255 0.868102
0 0.415750 0.410064 0.518747 0.422226 0.513828 0.553890 0.410831 0.541728
0 0.460677 0.694630 0.534323 0.694630 0.534323 0.880093 0.460677 0.880093
0 0.552447 0.694444 0.626509 0.705269 0.618001 0.889250 0.543938 0.878425
0 0.638424 0.713900 0.713706 0.701013 0.723967 0.890470 0.648685 0.903357
0 0.602933 0.476181 0.672520 0.426199 0.712203 0.600810 0.642616 0.650792
0 0.916492 0.283204 1.000342 0.250157 1.017226 0.385555 0.933377 0.418602
0 0.919997 0.505196 0.995636 0.469919 1.023513 0.658832 0.947875 0.694109
0 0.933937 0.782292 1.002395 0.763234 1.019448 0.956838 0.950991 0.975896
