0 0.123524 0.511407 0.198962 0.519140 0.192976 0.703704 0.117538 0.695971
0 0.118117 0.720460 0.193115 0.724417 0.190040 0.908614 0.115041 0.904657
0 0.210417 0.731296 0.285833 0.731296 0.285833 0.919259 0.210417 0.919259
0 0.207628 0.519342 0.282104 0.514256 0.286070 0.697787 0.211594 0.702874
0 0.304847 0.721472 0.379565 0.724254 0.377388 0.909047 0.302670 0.906264
0 0.386432 0.726508 0.460119 0.732915 0.455053 0.917084 0.381365 0.910677
0 0.460100 0.728395 0.534116 0.716189 0.543691 0.899688 0.469676 0.911895
0 0.536597 0.725766 0.609742 0.701666 0.628710 0.883613 0.555565 0.907714
0 0.429923 0.397919 0.503304 0.414400 0.490353 0.596655 0.416972 0.580175
0 0.628519 0.466068 0.702186 0.433415 0.727726 0.615525 0.654059 0.648178
0 0.638234 0.742865 0.710027 0.695653 0.747729 0.876848 0.675937 0.924060
0 0.933320 0.782065 1.002113 0.761599 1.020399 0.955861 0.951606 0.976327
0 0.919694 0.505676 0.995182 0.469968 1.023285 0.657731 0.947797 0.693439
0 0.917357 0.281489 1.003595 0.250576 1.019096 0.387242 0.932858 0.418155
