0 0.372497 0.705059 0.446541 0.702531 0.448539 0.887506 0.374495 0.890034
0 0.450478 0.696910 0.524767 0.692067 0.528590 0.877424 0.454301 0.882266
0 0.537208 0.706531 0.611478 0.696603 0.619323 0.882098 0.545054 0.892026
0 0.417969 0.402870 0.491562 0.402870 0.491562 0.586204 0.417969 0.586204
0 0.618618 0.432058 0.692868 0.401826 0.716710 0.586896 0.642461 0.617127
0 0.123022 0.511967 0.197835 0.518239 0.192915 0.703700 0.118103 0.697428
0 0.118119 0.720502 0.192569 0.724199 0.189672 0.908581 0.115222 0.904884
0 0.209512 0.735268 0.284684 0.733635 0.285956 0.918816 0.210785 0.920448
0 0.206588 0.520331 0.280063 0.513943 0.285099 0.696993 0.211624 0.703381
0 0.292618 0.712606 0.367575 0.713304 0.367028 0.898875 0.292071 0.898178
0 0.635168 0.747183 0.704190 0.691521 0.748707 0.865984 0.679685 0.921646
0 0.933930 0.783193 1.001636 0.763698 1.019253 0.957067 0.951546 0.976562
0 0.919804 0.505332 0.995292 0.469624 1.023539 0.658353 0.948051 0.694061
0 0.917419 0.281509 1.001505 0.250552 1.017492 0.387797 0.933407 0.418754
