0 0.122061 0.510751 0.196375 0.516519 0.191804 0.702666 0.117489 0.696898
0 0.117197 0.719760 0.192429 0.723729 0.189319 0.910055 0.114086 0.906085
0 0.209070 0.735827 0.283221 0.733066 0.285409 0.918775 0.211258 0.921536
0 0.206337 0.519591 0.281026 0.513561 0.285720 0.697354 0.211032 0.703383
0 0.306250 0.713333 0.381354 0.713333 0.381354 0.897315 0.306250 0.897315
0 0.371391 0.717304 0.445209 0.702584 0.456745 0.885419 0.382926 0.900139
0 0.411496 0.378977 0.485162 0.370279 0.492009 0.553551 0.418343 0.562249
0 0.644962 0.385368 0.718799 0.362459 0.737158 0.549474 0.663321 0.572384
0 0.459352 0.727295 0.533378 0.716475 0.541903 0.900816 0.467877 0.911636
0 0.537583 0.724728 0.611649 0.709958 0.623209 0.893170 0.549142 0.907940
0 0.648462 0.703688 0.725762 0.695042 0.732522 0.886053 0.655222 0.894699
0 0.934405 0.782381 1.003073 0.763264 1.020048 0.955980 0.951380 0.975097
0 0.919386 0.504976 0.995433 0.468751 1.023937 0.657867 0.947890 0.694092
0 0.918059 0.280681 1.001932 0.251697 1.016904 0.388634 0.933032 0.417618
