0 0.304062 0.542544 0.365369 0.465660 0.425069 0.616113 0.363761 0.692997
0 0.122358 0.511757 0.198432 0.517425 0.194054 0.703123 0.117980 0.697455
0 0.118609 0.719129 0.192923 0.723743 0.189292 0.908630 0.114978 0.904017
0 0.209713 0.732640 0.284655 0.730314 0.286490 0.917258 0.211548 0.919584
0 0.205388 0.521501 0.279107 0.511647 0.286873 0.695267 0.213154 0.705122
0 0.298956 0.709434 0.373120 0.714499 0.369117 0.899779 0.294953 0.894714
0 0.370717 0.707170 0.446125 0.712788 0.441778 0.897173 0.366370 0.891554
0 0.447552 0.705093 0.521469 0.705093 0.521469 0.889722 0.447552 0.889722
0 0.534632 0.709170 0.608510 0.702286 0.613930 0.886164 0.540053 0.893047
0 0.667665 0.703308 0.744812 0.710016 0.739481 0.903794 0.662334 0.897086
0 0.571050 0.438768 0.640007 0.484603 0.603830 0.656621 0.534873 0.610786
0 0.423823 0.379486 0.527127 0.374035 0.529317 0.505227 0.426014 0.510678
0 0.640786 0.398681 0.714817 0.372621 0.735350 0.556968 0.661318 0.583027
0 0.919841 0.504166 0.995068 0.469828 1.022336 0.658630 0.947109 0.692968
0 0.933748 0.783139 1.005438 0.762725 1.022940 0.956972 0.951249 0.977386
0 0.917605 0.280103 1.002156 0.251702 1.016890 0.390332 0.932339 0.418734
