0 0.122948 0.510990 0.198854 0.518062 0.193375 0.703936 0.117469 0.696864
0 0.118594 0.716816 0.194595 0.722478 0.190182 0.909666 0.114181 0.904003
0 0.210066 0.733239 0.284548 0.732083 0.285460 0.917946 0.210978 0.919102
0 0.206772 0.519736 0.280696 0.512849 0.286098 0.696079 0.212173 0.702966
0 0.306263 0.465256 0.379261 0.440265 0.398711 0.619828 0.325713 0.644818
0 0.289570 0.712854 0.364074 0.716091 0.361519 0.901961 0.287015 0.898724
0 0.367245 0.716953 0.440733 0.726088 0.433505 0.909853 0.360017 0.900717
0 0.417480 0.376565 0.491238 0.367166 0.498645 0.550861 0.424887 0.560260
0 0.546035 0.457633 0.619430 0.480406 0.601741 0.660589 0.528346 0.637817
0 0.432927 0.729624 0.506155 0.707137 0.523781 0.888552 0.450553 0.911039
0 0.521925 0.716930 0.596668 0.703198 0.607361 0.887163 0.532619 0.900894
0 0.646903 0.738630 0.724020 0.730725 0.730238 0.922435 0.653121 0.930340
0 0.636968 0.391833 0.712075 0.369489 0.729297 0.552454 0.654191 0.574798
0 0.917201 0.281043 1.003368 0.249877 1.019054 0.386948 0.932887 0.418114
0 0.919292 0.503313 0.995629 0.469225 1.022499 0.659400 0.946162 0.693488
0 0.933203 0.782412 1.003275 0.761119 1.021896 0.954782 0.951824 0.976076
