0 0.217055 0.054214 0.291637 0.054676 0.291279 0.237388 0.216696 0.236925
0 0.301285 0.051873 0.374842 0.054612 0.372704 0.236026 0.299148 0.233286
0 0.379500 0.035135 0.452478 0.047856 0.442568 0.227550 0.369589 0.214829
0 0.460719 0.057725 0.534096 0.056359 0.535161 0.237210 0.461785 0.238576
0 0.548439 0.101055 0.621888 0.088712 0.631472 0.268964 0.558024 0.281307
0 0.415584 0.280552 0.489550 0.272510 0.495811 0.454494 0.421845 0.462536
0 0.255457 0.282170 0.329442 0.278726 0.332126 0.460932 0.258141 0.464376
0 0.421745 0.508504 0.496428 0.509895 0.495339 0.694885 0.420655 0.693494
0 0.259157 0.779218 0.334477 0.761827 0.348234 0.950125 0.272913 0.967516
0 0.335143 0.763774 0.410483 0.753468 0.418649 0.942133 0.343309 0.952439
0 0.413225 0.754634 0.487918 0.748372 0.492936 0.937532 0.418243 0.943794
0 0.493924 0.757734 0.568625 0.767952 0.560477 0.956192 0.485776 0.945974
0 0.613628 0.497855 0.678385 0.564322 0.626232 0.724914 0.561474 0.658446
0 0.843680 0.846022 0.898767 0.745316 0.979804 0.885414 0.924717 0.986120
