0 0.285708 0.725247 0.358201 0.698558 0.379396 0.880503 0.306903 0.907192
0 0.362608 0.710914 0.436467 0.704492 0.441549 0.889188 0.367689 0.895610
0 0.299432 0.461304 0.369544 0.417655 0.403532 0.590196 0.333420 0.633845
0 0.421789 0.401243 0.495728 0.397801 0.498424 0.580877 0.424486 0.584319
0 0.439037 0.730066 0.512744 0.723428 0.517973 0.906934 0.444266 0.913572
0 0.207031 0.730833 0.281354 0.730833 0.281354 0.915000 0.207031 0.915000
0 0.204488 0.517040 0.278522 0.511754 0.282627 0.693450 0.208593 0.698737
0 0.120102 0.509619 0.195674 0.515955 0.190805 0.699510 0.115232 0.693175
0 0.116067 0.713252 0.190579 0.719036 0.186016 0.904831 0.111504 0.899047
0 0.518991 0.715151 0.592108 0.699190 0.604780 0.882664 0.531663 0.898625
0 0.546381 0.438374 0.617479 0.476776 0.587322 0.653237 0.516224 0.614835
0 0.646434 0.461177 0.719978 0.447204 0.731040 0.631221 0.657496 0.645194
0 0.600627 0.710205 0.675140 0.703494 0.680389 0.887684 0.605875 0.894395
0 0.682487 0.773782 0.757321 0.734121 0.788508 0.920107 0.713674 0.959767
0 0.823887 0.541538 0.922546 0.567751 0.906483 0.758823 0.807824 0.732610
0 0.916310 0.504508 0.991046 0.469651 1.018872 0.658215 0.944136 0.693071
0 0.929901 0.790497 1.001754 0.757936 1.029104 0.948689 0.957251 0.981249
0 0.912112 0.282592 1.005818 0.250512 1.020627 0.387232 0.926922 0.419312
