0 0.102117 0.751594 0.176304 0.740519 0.185029 0.925230 0.110842 0.936305
0 0.189301 0.746343 0.263624 0.720660 0.283652 0.903833 0.209329 0.929516
0 0.182056 0.532473 0.256615 0.518307 0.267585 0.700787 0.193025 0.714952
0 0.365233 0.756734 0.439104 0.737341 0.454428 0.921831 0.380557 0.941224
0 0.456581 0.734919 0.530685 0.732159 0.532862 0.916933 0.458758 0.919693
0 0.536965 0.729075 0.611327 0.730229 0.610420 0.914999 0.536058 0.913846
0 0.617635 0.723053 0.692139 0.719122 0.695235 0.904549 0.620731 0.908480
0 0.447629 0.465121 0.522165 0.465584 0.521803 0.650138 0.447267 0.649676
0 0.442647 0.263581 0.516677 0.255301 0.523187 0.439234 0.449156 0.447514
0 0.342703 0.056138 0.415545 0.030262 0.436140 0.213501 0.363299 0.239377
0 0.449823 0.075990 0.520190 0.032182 0.554453 0.206121 0.484086 0.249929
0 0.577638 0.059457 0.651433 0.042186 0.665055 0.226126 0.591259 0.243398
0 0.642818 0.325908 0.703414 0.402749 0.643490 0.552101 0.582893 0.475260
0 0.866277 0.514391 0.944367 0.500045 0.955603 0.693340 0.877513 0.707686
0 0.872285 0.801485 0.950595 0.790529 0.959278 0.986663 0.880968 0.997620
0 0.841825 0.251156 0.949148 0.302280 0.928774 0.437456 0.821451 0.386332
