0 0.102094 0.752141 0.176175 0.740388 0.185427 0.924683 0.111346 0.936437
0 0.189473 0.745462 0.263621 0.720316 0.283344 0.904131 0.209197 0.929277
0 0.181763 0.532725 0.256111 0.517198 0.268180 0.699840 0.193832 0.715367
0 0.344740 0.747133 0.419217 0.748057 0.418489 0.933423 0.344012 0.932499
0 0.426372 0.754056 0.500620 0.746677 0.506430 0.931416 0.432182 0.938796
0 0.513484 0.741363 0.587489 0.737228 0.590766 0.922618 0.516761 0.926753
0 0.438733 0.549364 0.512953 0.541756 0.518924 0.725849 0.444703 0.733457
0 0.430003 0.353216 0.503036 0.325382 0.524784 0.505728 0.451751 0.533563
0 0.324402 0.172652 0.395370 0.131901 0.427572 0.309145 0.356604 0.349895
0 0.427904 0.149465 0.498543 0.110111 0.529726 0.287007 0.459087 0.326362
0 0.553850 0.130247 0.626645 0.150512 0.610582 0.332864 0.537787 0.312599
0 0.665927 0.278641 0.740015 0.282550 0.736974 0.464692 0.662887 0.460783
0 0.628205 0.622926 0.704753 0.620313 0.706795 0.809398 0.630247 0.812011
0 0.865430 0.514795 0.943746 0.499424 0.955830 0.694020 0.877515 0.709391
0 0.841522 0.250917 0.948779 0.301297 0.928603 0.437055 0.821346 0.386675
0 0.871590 0.801628 0.950627 0.790570 0.959296 0.986390 0.880259 0.997449
