0 0.456046 0.061767 0.530081 0.047933 0.540970 0.232122 0.466935 0.245956
0 0.591808 0.044325 0.664325 0.073615 0.641504 0.252184 0.568988 0.222895
0 0.824010 0.309437 0.932356 0.269548 0.948543 0.408498 0.840196 0.448387
0 0.865265 0.513445 0.943668 0.498057 0.955803 0.693462 0.877399 0.708850
0 0.872152 0.800869 0.950560 0.789653 0.959427 0.985576 0.881019 0.996791
0 0.206150 0.050418 0.294644 0.170701 0.248069 0.278999 0.159575 0.158716
0 0.178281 0.386194 0.254010 0.386194 0.254010 0.570370 0.178281 0.570370
0 0.173651 0.574929 0.248887 0.583813 0.241958 0.769265 0.166723 0.760382
0 0.160515 0.779352 0.235885 0.771626 0.241959 0.958889 0.166589 0.966615
0 0.085184 0.762128 0.159147 0.761669 0.159509 0.945974 0.085546 0.946433
0 0.093747 0.571239 0.168039 0.577468 0.163107 0.763381 0.088815 0.757153
0 0.098603 0.386626 0.173609 0.391283 0.169991 0.575513 0.094984 0.570856
0 0.270775 0.392048 0.335653 0.331751 0.383454 0.494304 0.318577 0.554601
0 0.270626 0.755255 0.344831 0.735775 0.360093 0.919514 0.285887 0.938994
0 0.366033 0.748638 0.440249 0.751632 0.437888 0.936529 0.363673 0.933535
0 0.470078 0.737155 0.543419 0.757572 0.527323 0.940299 0.453982 0.919882
0 0.587914 0.718779 0.660420 0.752836 0.633935 0.931045 0.561429 0.896988
0 0.599806 0.502119 0.671062 0.542060 0.639887 0.717835 0.568631 0.677894
0 0.434295 0.533462 0.508566 0.534845 0.507482 0.719029 0.433210 0.717646
0 0.444571 0.293992 0.519023 0.295841 0.517554 0.482859 0.443102 0.481011
0 0.372488 0.036938 0.447313 0.046707 0.439684 0.231395 0.364859 0.221626
