0 0.486129 0.128061 0.558184 0.096360 0.583028 0.274828 0.510972 0.306529
0 0.600905 0.124998 0.674929 0.139526 0.663517 0.323289 0.589493 0.308761
0 0.405021 0.083051 0.479393 0.089980 0.473963 0.274181 0.399591 0.267252
0 0.335277 0.087921 0.407368 0.081877 0.412281 0.267060 0.340189 0.273104
0 0.823883 0.309867 0.932448 0.270249 0.948476 0.409068 0.839912 0.448686
0 0.866171 0.512521 0.943426 0.498328 0.954725 0.692710 0.877470 0.706903
0 0.872198 0.800456 0.949861 0.788619 0.959375 0.985896 0.881712 0.997732
0 0.389436 0.734899 0.464655 0.730463 0.468116 0.915953 0.392897 0.920389
0 0.473426 0.730534 0.548076 0.734705 0.544803 0.919854 0.470153 0.915684
0 0.114587 0.525674 0.182711 0.462629 0.231298 0.628557 0.163174 0.691603
0 0.557871 0.722302 0.632820 0.728352 0.628093 0.913421 0.553144 0.907370
0 0.436996 0.521354 0.511983 0.520190 0.512889 0.704887 0.437903 0.706050
0 0.223476 0.441713 0.299355 0.426344 0.311290 0.612565 0.235411 0.627934
0 0.436975 0.358816 0.539147 0.324496 0.553035 0.455165 0.450864 0.489486
0 0.310990 0.731037 0.385763 0.721042 0.393620 0.906796 0.318846 0.916791
