0 0.444684 0.299042 0.514079 0.250198 0.552628 0.423291 0.483234 0.472136
0 0.446221 0.062107 0.520837 0.056083 0.525555 0.240800 0.450939 0.246824
0 0.604808 0.040447 0.677369 0.077193 0.648536 0.257136 0.575975 0.220390
0 0.823879 0.309677 0.932160 0.269812 0.948261 0.408036 0.839981 0.447901
0 0.865702 0.513231 0.944477 0.499253 0.955392 0.693667 0.876617 0.707645
0 0.817592 0.775548 0.929745 0.788092 0.924585 0.933906 0.812432 0.921362
0 0.062750 0.761667 0.141693 0.761667 0.141693 0.955000 0.062750 0.955000
0 0.164536 0.749218 0.244633 0.750212 0.243875 0.943365 0.163778 0.942371
0 0.091002 0.194271 0.169684 0.177591 0.182582 0.369886 0.103900 0.386566
0 0.178666 0.184584 0.257528 0.162629 0.274323 0.353296 0.195461 0.375251
0 0.345815 0.071244 0.419435 0.048166 0.437429 0.229590 0.363810 0.252667
0 0.316656 0.443322 0.390639 0.463448 0.374813 0.647308 0.300830 0.627182
0 0.179792 0.826778 0.266458 0.826778 0.266458 0.951944 0.179792 0.951944
0 0.211034 0.828154 0.296318 0.851896 0.286049 0.968476 0.200765 0.944733
0 0.242762 0.843208 0.339820 0.888153 0.324899 0.989987 0.227841 0.945041
0 0.359005 0.721408 0.433122 0.742042 0.416891 0.926305 0.342774 0.905671
0 0.462597 0.728493 0.537013 0.736353 0.530804 0.922155 0.456388 0.914295
0 0.568408 0.737335 0.643197 0.748500 0.634467 0.933313 0.559678 0.922148
0 0.649025 0.491377 0.718117 0.543768 0.677246 0.714114 0.608154 0.661723
0 0.454075 0.504049 0.528736 0.501269 0.530914 0.686127 0.456253 0.688907
