0 0.141792 0.161475 0.216717 0.179248 0.202911 0.363201 0.127986 0.345428
0 0.223707 0.379822 0.299153 0.370443 0.306392 0.554502 0.230946 0.563881
0 0.244082 0.687243 0.311939 0.747654 0.264153 0.917303 0.196295 0.856893
0 0.358273 0.731946 0.432449 0.746971 0.420612 0.931665 0.346436 0.916640
0 0.442161 0.735664 0.516064 0.728088 0.522063 0.913068 0.448160 0.920643
0 0.518481 0.749326 0.590066 0.713315 0.618488 0.891877 0.546903 0.927889
0 0.593187 0.726291 0.663672 0.684121 0.696829 0.859274 0.626344 0.901444
0 0.696292 0.699438 0.770601 0.707055 0.764588 0.892451 0.690279 0.884834
0 0.861063 0.508495 0.937838 0.512784 0.934499 0.701644 0.857725 0.697355
0 0.824361 0.305978 0.932467 0.265127 0.948889 0.402476 0.840783 0.443326
0 0.630381 0.442383 0.700259 0.488091 0.664494 0.660904 0.594616 0.615196
0 0.421446 0.546166 0.524295 0.531776 0.530095 0.662797 0.427247 0.677187
0 0.428162 0.304747 0.531546 0.314379 0.527656 0.446327 0.424272 0.436695
0 0.345900 0.100264 0.418017 0.067107 0.444058 0.246116 0.371941 0.279273
0 0.437504 0.073431 0.509182 0.039525 0.535762 0.217115 0.464084 0.251021
0 0.545474 0.037405 0.619996 0.046901 0.612573 0.231012 0.538051 0.221516
0 0.630798 0.050401 0.705103 0.055476 0.701092 0.241061 0.626788 0.235987
0 0.712744 0.049524 0.787504 0.063493 0.776594 0.248032 0.701834 0.234063
0 0.134801 0.382152 0.209914 0.388917 0.204678 0.572663 0.129566 0.565898
0 0.226799 0.172023 0.300974 0.173865 0.299540 0.356477 0.225365 0.354635
