0 0.433354 0.299077 0.536865 0.310009 0.532422 0.442960 0.428911 0.432028
0 0.433454 0.489803 0.508275 0.483064 0.513546 0.668068 0.438725 0.674806
0 0.330816 0.743122 0.406291 0.747807 0.402611 0.935156 0.327136 0.930470
0 0.473770 0.761986 0.547494 0.736510 0.567376 0.918347 0.493652 0.943824
0 0.564459 0.726978 0.639684 0.714101 0.649707 0.899152 0.574482 0.912029
0 0.846632 0.771372 0.925680 0.763515 0.931967 0.963415 0.852919 0.971272
0 0.268556 0.110597 0.341625 0.079889 0.365861 0.262153 0.292791 0.292861
0 0.351390 0.097158 0.425281 0.077760 0.440542 0.261490 0.366651 0.280888
0 0.452634 0.080218 0.527239 0.087866 0.521262 0.272171 0.446656 0.264523
0 0.540282 0.110095 0.614735 0.113561 0.612010 0.298599 0.537556 0.295133
0 0.626284 0.120293 0.700638 0.109658 0.709028 0.295059 0.634675 0.305694
0 0.824726 0.307342 0.932788 0.264401 0.950066 0.401815 0.842003 0.444757
0 0.619460 0.456722 0.691142 0.493745 0.661925 0.672528 0.590243 0.635505
