0 0.108591 0.759888 0.186328 0.775634 0.174002 0.967954 0.096266 0.952209
0 0.190155 0.749180 0.269111 0.755063 0.264580 0.947283 0.185623 0.941400
0 0.219694 0.523382 0.296700 0.548508 0.277118 0.738182 0.200113 0.713057
0 0.124510 0.518593 0.201000 0.548241 0.177891 0.736667 0.101401 0.707018
0 0.323337 0.734678 0.398239 0.752682 0.384090 0.938711 0.309189 0.920707
0 0.399184 0.742574 0.472957 0.729021 0.483702 0.913861 0.409928 0.927414
0 0.477129 0.741630 0.550890 0.721564 0.566710 0.905351 0.492948 0.925417
0 0.441898 0.492106 0.516346 0.485633 0.521440 0.670819 0.446993 0.677293
0 0.315270 0.513086 0.391609 0.503834 0.398839 0.692387 0.322501 0.701639
0 0.236078 0.320390 0.292689 0.233212 0.360724 0.372842 0.304113 0.460019
0 0.361044 0.091917 0.433165 0.060187 0.458170 0.239814 0.386049 0.271545
0 0.439832 0.274233 0.515350 0.275404 0.514439 0.460953 0.438921 0.459781
0 0.445670 0.082060 0.519388 0.056823 0.539226 0.239967 0.465508 0.265205
0 0.549238 0.062865 0.623892 0.055444 0.629741 0.241413 0.555087 0.248833
0 0.706476 0.092805 0.779267 0.055699 0.808560 0.237315 0.735770 0.274421
0 0.738324 0.298132 0.818671 0.277039 0.834739 0.470479 0.754391 0.491572
0 0.658792 0.513478 0.731253 0.545119 0.706354 0.725337 0.633893 0.693696
0 0.757311 0.683039 0.841045 0.668443 0.851710 0.861803 0.767976 0.876399
