0 0.658860 0.512789 0.731439 0.545199 0.705973 0.725433 0.633395 0.693023
0 0.124298 0.518214 0.200131 0.548595 0.176290 0.736666 0.100458 0.706284
0 0.107900 0.760629 0.185875 0.776913 0.173193 0.968825 0.095219 0.952541
0 0.189997 0.748784 0.269134 0.755173 0.264222 0.947484 0.185085 0.941095
0 0.219226 0.525284 0.294530 0.548167 0.276440 0.736309 0.201137 0.713425
0 0.317567 0.518317 0.387088 0.507721 0.395615 0.684535 0.326094 0.695131
0 0.322768 0.735836 0.397132 0.751366 0.384877 0.936822 0.310514 0.921292
0 0.399534 0.741219 0.473416 0.729266 0.482862 0.913781 0.408980 0.925734
0 0.477533 0.741342 0.551502 0.721924 0.566737 0.905343 0.492769 0.924761
0 0.441697 0.492517 0.516358 0.485328 0.521981 0.669891 0.447319 0.677079
0 0.236300 0.320340 0.292640 0.232964 0.361007 0.372290 0.304667 0.459666
0 0.439948 0.274676 0.514323 0.274676 0.514323 0.459167 0.439948 0.459167
0 0.360644 0.090505 0.433344 0.059477 0.457726 0.240022 0.385026 0.271051
0 0.444957 0.080138 0.520737 0.055656 0.539793 0.242065 0.464013 0.266548
0 0.549837 0.063455 0.624656 0.057647 0.629200 0.242656 0.554380 0.248464
0 0.706727 0.093170 0.779353 0.055416 0.809366 0.237885 0.736741 0.275640
0 0.737645 0.298162 0.818078 0.276281 0.834777 0.470282 0.754343 0.492163
0 0.757758 0.685633 0.840646 0.669886 0.852185 0.861839 0.769297 0.877587
