0 0.301140 0.052552 0.373908 0.055036 0.371954 0.235975 0.299186 0.233491
0 0.216973 0.055289 0.290722 0.054602 0.291256 0.235804 0.217507 0.236490
0 0.379115 0.035155 0.452485 0.048634 0.442062 0.227947 0.368692 0.214468
0 0.460251 0.058484 0.533627 0.057118 0.534692 0.237766 0.461315 0.239132
0 0.548145 0.101128 0.621686 0.089460 0.630740 0.269817 0.557199 0.281485
0 0.415654 0.280689 0.489385 0.273131 0.495284 0.454996 0.421552 0.462554
0 0.421972 0.509068 0.496042 0.511596 0.494059 0.695229 0.419989 0.692700
0 0.255430 0.282270 0.329427 0.279745 0.331392 0.461702 0.257396 0.464228
0 0.613040 0.498362 0.678019 0.564519 0.626163 0.725490 0.561184 0.659332
0 0.492629 0.758651 0.567857 0.767299 0.560985 0.956220 0.485757 0.947571
0 0.413072 0.755460 0.487558 0.749910 0.492001 0.938355 0.417514 0.943905
0 0.335534 0.764059 0.410182 0.755244 0.417206 0.943256 0.342558 0.952070
0 0.257971 0.781630 0.333266 0.762341 0.348445 0.949601 0.273150 0.968890
0 0.843740 0.851071 0.898586 0.747241 0.980473 0.883947 0.925628 0.987778
