0 0.130983 0.107681 0.235564 0.096309 0.240147 0.229514 0.135566 0.240885
0 0.152056 0.342464 0.225214 0.305660 0.253642 0.484259 0.180484 0.521062
0 0.123834 0.519124 0.200895 0.547744 0.178733 0.736330 0.101673 0.707710
0 0.108353 0.760410 0.186322 0.775958 0.174241 0.967433 0.096272 0.951885
0 0.220180 0.524126 0.296645 0.548585 0.277575 0.737004 0.201110 0.712545
0 0.190390 0.748177 0.268780 0.753775 0.264417 0.946869 0.186027 0.941272
0 0.236268 0.319827 0.293189 0.232481 0.361549 0.373275 0.304629 0.460621
0 0.360938 0.091966 0.433588 0.059524 0.458978 0.239229 0.386329 0.271670
0 0.446766 0.082150 0.520706 0.058735 0.538953 0.240841 0.465012 0.264256
0 0.550563 0.062908 0.624901 0.056444 0.630010 0.242148 0.555672 0.248612
0 0.707076 0.094419 0.779567 0.056734 0.809481 0.238600 0.736991 0.276284
0 0.831446 0.224436 0.901434 0.158836 0.952268 0.330240 0.882280 0.395840
0 0.791456 0.372393 0.856278 0.439733 0.803539 0.600181 0.738717 0.532841
0 0.546888 0.320142 0.616429 0.273673 0.652883 0.446090 0.583342 0.492559
0 0.439583 0.273833 0.514844 0.273833 0.514844 0.459537 0.439583 0.459537
0 0.319786 0.506815 0.399302 0.506815 0.399302 0.695296 0.319786 0.695296
0 0.441863 0.491689 0.516430 0.484509 0.522085 0.670135 0.447518 0.677315
0 0.399171 0.741387 0.473656 0.729569 0.482934 0.914381 0.408448 0.926199
0 0.323000 0.735966 0.397738 0.752987 0.384432 0.937645 0.309694 0.920624
0 0.477704 0.741474 0.551903 0.722231 0.566989 0.906072 0.492790 0.925315
0 0.581139 0.758508 0.655680 0.754343 0.658960 0.939853 0.584418 0.944018
0 0.658935 0.513640 0.731521 0.545813 0.706372 0.725129 0.633787 0.692956
0 0.756914 0.686467 0.840660 0.670293 0.852409 0.862560 0.768662 0.878734
