0 0.843775 0.847430 0.898929 0.745539 0.980434 0.884977 0.925279 0.986868
0 0.613478 0.498425 0.678049 0.564433 0.625996 0.725362 0.561425 0.659354
0 0.493059 0.757898 0.568123 0.767932 0.560134 0.956834 0.485070 0.946800
0 0.412558 0.754997 0.487511 0.748713 0.492510 0.937142 0.417556 0.943426
0 0.335099 0.764061 0.410362 0.755643 0.417010 0.943494 0.341747 0.951912
0 0.257675 0.781758 0.333395 0.762121 0.348679 0.948381 0.272960 0.968018
0 0.217477 0.054342 0.290756 0.055479 0.289866 0.236676 0.216588 0.235539
0 0.301001 0.051883 0.373911 0.054145 0.372130 0.235636 0.299219 0.233373
0 0.379657 0.034692 0.452415 0.048515 0.441629 0.227938 0.368872 0.214115
0 0.460431 0.057995 0.533503 0.056408 0.534741 0.236514 0.461669 0.238102
0 0.548256 0.100818 0.621747 0.088698 0.631166 0.269201 0.557675 0.281321
0 0.415434 0.280965 0.488817 0.272986 0.495066 0.454618 0.421683 0.462598
0 0.255203 0.282058 0.328987 0.279081 0.331307 0.460868 0.257524 0.463845
0 0.421828 0.509359 0.496602 0.511215 0.495161 0.694715 0.420387 0.692859
