0 0.258401 0.781341 0.333469 0.762110 0.348630 0.949150 0.273562 0.968381
0 0.335698 0.763748 0.410162 0.754491 0.417583 0.943141 0.343119 0.952398
0 0.412512 0.755824 0.487454 0.749308 0.492624 0.937232 0.417682 0.943748
0 0.493248 0.757699 0.568286 0.768198 0.559940 0.956736 0.484901 0.946237
0 0.591443 0.757513 0.661758 0.731170 0.678739 0.874422 0.608424 0.900765
0 0.633859 0.745544 0.722140 0.759827 0.715943 0.880891 0.627662 0.866608
0 0.671801 0.749144 0.764211 0.792243 0.747746 0.903819 0.655336 0.860720
0 0.703028 0.757325 0.798987 0.846889 0.766811 0.955842 0.670852 0.866278
0 0.717773 0.761984 0.815793 0.893297 0.772669 0.995034 0.674649 0.863722
0 0.838284 0.824108 0.899562 0.733343 0.970591 0.884901 0.909313 0.975666
0 0.612891 0.497651 0.677959 0.563098 0.626703 0.724154 0.561635 0.658707
0 0.255498 0.282912 0.329289 0.280165 0.331434 0.462226 0.257643 0.464974
0 0.421223 0.509722 0.496015 0.510186 0.495652 0.695046 0.420860 0.694582
0 0.415288 0.280698 0.489186 0.273123 0.495077 0.454738 0.421178 0.462313
0 0.548382 0.101175 0.621928 0.089506 0.630999 0.270195 0.557452 0.281864
0 0.460357 0.058365 0.533848 0.056997 0.534909 0.237089 0.461418 0.238457
0 0.379066 0.035708 0.452224 0.048002 0.442658 0.227922 0.369500 0.215628
0 0.300766 0.052787 0.374427 0.055530 0.372286 0.237176 0.298625 0.234433
0 0.217566 0.054777 0.291781 0.056159 0.290715 0.237075 0.216500 0.235693
