0 0.246238 0.390826 0.313603 0.333446 0.358293 0.499267 0.290928 0.556646
0 0.317884 0.754688 0.391418 0.783909 0.368184 0.968701 0.294649 0.939480
0 0.385621 0.778563 0.460850 0.770383 0.467353 0.959419 0.392124 0.967599
0 0.490125 0.766548 0.565552 0.781352 0.553886 0.969211 0.478459 0.954407
0 0.564570 0.782971 0.639260 0.766903 0.652081 0.955260 0.577392 0.971329
0 0.666338 0.770828 0.741283 0.787896 0.727719 0.976126 0.652774 0.959058
0 0.861479 0.806450 0.923415 0.723478 0.990166 0.880957 0.928231 0.963929
0 0.890333 0.605750 0.949405 0.524290 1.015886 0.676658 0.956814 0.758118
0 0.663211 0.531026 0.733176 0.583311 0.692612 0.754863 0.622647 0.702577
0 0.615818 0.528754 0.690226 0.534298 0.685844 0.720191 0.611435 0.714646
0 0.424776 0.537241 0.499009 0.527319 0.506844 0.712546 0.432610 0.722469
0 0.414752 0.311098 0.516955 0.331799 0.508623 0.461801 0.406420 0.441099
0 0.257251 0.080054 0.331224 0.070397 0.338702 0.251446 0.264730 0.261103
0 0.340517 0.085682 0.413833 0.079991 0.418285 0.261253 0.344969 0.266944
0 0.428047 0.091793 0.501112 0.082938 0.507999 0.262540 0.434935 0.271395
0 0.543511 0.074653 0.614299 0.108844 0.587458 0.284477 0.516670 0.250286
