0 0.317838 0.754602 0.391524 0.784604 0.367651 0.969908 0.293966 0.939905
0 0.384711 0.778869 0.460135 0.770433 0.466862 0.960501 0.391438 0.968938
0 0.489724 0.766329 0.565173 0.781374 0.553260 0.970181 0.477811 0.955135
0 0.564072 0.783154 0.639186 0.767231 0.651949 0.957513 0.576835 0.973436
0 0.665079 0.772433 0.741085 0.789264 0.727879 0.977752 0.651873 0.960921
0 0.663788 0.531165 0.733485 0.584527 0.691889 0.756234 0.622192 0.702872
0 0.543415 0.075379 0.614524 0.109726 0.587773 0.284769 0.516663 0.250422
0 0.615291 0.529657 0.690787 0.534813 0.686772 0.720648 0.611275 0.715492
0 0.424078 0.537860 0.498674 0.528121 0.506333 0.713538 0.431737 0.723277
0 0.245819 0.392554 0.313515 0.334116 0.358551 0.499001 0.290855 0.557440
0 0.414464 0.310453 0.517127 0.332540 0.508208 0.463565 0.405545 0.441479
0 0.257274 0.080595 0.330831 0.071222 0.338137 0.252433 0.264581 0.261806
0 0.340442 0.085867 0.413486 0.079743 0.418308 0.261504 0.345264 0.267628
0 0.427888 0.091815 0.500809 0.083432 0.507362 0.263583 0.434441 0.271966
