1619 751 1518 646 1661 509 1762 614 swsh7-76 0 1
1333 590 1454 670 1344 837 1223 757 me1-114 0 0
1233 547 1380 617 1294 798 1147 728 sm35-68 0 1
895 519 1040 516 1045 716 900 720 sv3-164 0 0
546 21 688 17 693 212 552 217 swsh10-134 0 1
728 16 869 20 865 214 724 210 swsh12-16 0 1
901 18 1041 24 1033 218 892 211 swsh9-40 0 1
1058 21 1199 26 1192 220 1051 215 swsh12-147 0 1
1211 8 1355 15 1346 209 1202 202 pgo-58 0 1
1693 156 1831 212 1756 399 1618 344 sv1-166 0 0
928 325 1125 325 1125 465 928 465 swsh12-138 0 1
570 282 711 286 707 482 565 479 swsh9-137 0 1
322 600 456 541 537 722 403 782 sv5-157 0 0
689 819 834 819 835 1024 690 1024 sv4pt5-8 0 0
883 811 1028 818 1018 1023 873 1016 sv3pt5-146 0 0
1078 842 1229 858 1207 1063 1056 1047 sv4pt5-54 0 0
1642 852 1746 958 1602 1100 1497 995 swsh12-139 0 0
