494 87 635 77 648 273 507 282 sm11-133 0 1
652 94 793 86 803 282 662 290 sm11-9 0 1
821 100 960 90 974 285 835 295 sm11-61 0 1
1043 81 1179 119 1128 307 991 270 sm11-181 0 1
795 337 992 360 976 501 778 478 sm11-107 0 0
472 423 601 362 685 540 556 601 swsh1-167 0 1
816 581 957 571 971 770 830 780 sm11-150 0 0
1181 573 1325 579 1317 779 1173 773 unknown 0 1
1272 575 1406 631 1328 816 1194 760 sm12-188 0 0
1277 834 1422 852 1397 1055 1252 1038 sm11-127 0 0
1084 846 1227 831 1250 1034 1106 1050 sm12-127 0 0
940 829 1083 845 1062 1048 918 1032 sm12-154 0 0
738 843 882 833 896 1037 752 1046 sm12-133 0 0
609 816 750 848 705 1048 564 1016 sm12-57 0 0
