457 47 598 38 611 233 470 242 sm2-103 0 1
615 37 754 33 759 230 621 233 sm2-29 0 1
760 24 902 11 921 210 779 224 sm12-68 0 1
929 19 1070 22 1065 219 924 216 sm10-145 0 1
1097 18 1237 34 1215 229 1075 213 sm11-129 0 1
768 295 964 276 978 418 782 437 sm12-66 0 0
742 529 940 523 944 666 746 671 sm12-182 0 1
523 811 667 798 685 1002 542 1015 sm11-5 0 0
671 775 813 767 826 970 683 979 sm11-64 0 0
819 782 963 776 973 980 828 987 sm11-166 0 0
929 819 1058 755 1148 939 1019 1002 sm11-179 0 0
1152 798 1297 800 1294 1006 1149 1004 sm2-101 0 0
1148 505 1285 544 1231 736 1093 697 sm12-197 0 0
1643 196 1782 156 1840 360 1701 400 sm12-177 0 1
1705 519 1849 513 1857 715 1713 721 sm11-181 0 0
1722 829 1867 810 1894 1018 1750 1037 sm12-102 0 0
