527 67 664 35 708 226 572 258 sm12-76 0 1
681 41 818 34 828 231 691 238 sm12-94 0 1
844 53 987 53 986 251 844 251 sm12-168 0 1
1002 53 1143 65 1127 260 986 249 sm12-179 0 1
1161 71 1302 91 1274 284 1132 263 sm12-80 0 1
834 288 975 289 974 485 832 484 sm12-177 0 1
835 535 976 555 947 754 807 733 sm12-176 0 0
596 844 739 834 754 1040 610 1050 sm12-83 0 0
780 822 926 830 915 1036 769 1029 sm12-90 0 0
939 806 1083 817 1067 1022 923 1011 sm12-87 0 0
1136 806 1278 844 1224 1042 1083 1004 sm12-96 0 0
1718 528 1862 512 1885 716 1741 732 sm11-5 0 0
1722 828 1872 809 1898 1019 1748 1038 sm12-102 0 0
