502 49 642 38 657 230 516 241 sm12-17 0 1
652 30 787 32 784 228 649 225 sm12-18 0 1
794 24 935 31 925 231 784 224 sm12-24 0 1
957 49 1097 63 1077 257 937 243 sm12-19 0 1
1116 64 1253 102 1202 289 1065 251 sm12-13 0 1
799 258 940 263 934 459 792 454 sm12-91 0 1
808 474 950 480 942 678 800 673 sm12-161 0 0
525 778 669 769 681 971 537 980 sm12-160 0 0
686 776 827 776 827 980 686 980 sm12-163 0 0
835 777 980 782 973 988 828 983 sm12-146 0 0
988 788 1132 791 1128 995 984 992 sm12-10 0 0
1136 808 1282 806 1284 1011 1139 1013 sm12-9 0 0
1718 530 1865 524 1873 729 1727 735 sm12-96 0 0
1726 831 1871 813 1896 1020 1752 1038 sm12-102 0 0
