506 47 646 40 656 233 516 240 sm12-17 0 1
654 34 790 36 788 230 652 229 sm12-18 0 1
800 28 941 39 926 238 784 227 sm12-24 0 1
962 55 1102 72 1078 266 938 249 sm12-19 0 1
1120 73 1256 112 1202 299 1067 260 sm12-13 0 1
799 262 941 270 931 466 789 458 sm12-91 0 1
805 478 947 486 935 684 794 675 sm12-161 0 0
1718 529 1865 523 1875 730 1728 736 sm12-96 0 0
1726 830 1872 812 1898 1019 1752 1037 sm12-102 0 0
1128 818 1271 818 1271 1023 1128 1023 sm12-9 0 0
979 796 1123 800 1118 1005 974 1001 sm12-10 0 0
828 782 972 789 961 994 817 986 sm12-146 0 0
677 778 818 778 818 982 677 982 sm12-163 0 0
518 777 661 771 670 974 526 980 sm12-160 0 0
857 938 966 964 938 1083 829 1057 unknown 0 0
936 955 1106 1019 1064 1132 894 1068 unknown 0 0
929 1017 1150 1017 1150 1080 929 1080 unknown 0 0
