441 34 580 24 594 217 455 227 sm12-181 0 1
581 46 720 33 737 225 599 237 sm12-23 0 1
721 48 851 -5 927 177 796 231 sm12-130 0 1
910 9 1051 7 1053 204 912 206 swsh4-84 0 1
1064 28 1205 28 1205 222 1064 222 swsh4-25 0 1
483 247 599 328 487 490 371 410 swsh1-166 0 1
514 278 649 313 599 504 464 469 swsh1-165 0 0
797 281 938 286 930 483 789 477 sm12-52 0 1
792 485 934 488 929 687 787 683 sm12-9 0 0
554 768 698 757 712 960 568 970 sm12-71 0 0
739 748 882 761 864 965 721 952 sm12-146 0 0
886 744 1030 748 1025 952 881 948 sm12-132 0 0
1051 766 1193 772 1184 975 1042 969 sm12-121 0 0
1240 511 1380 522 1364 722 1224 710 sm12-206 0 0
1367 509 1489 588 1378 757 1257 678 sm12-201 0 0
1688 577 1813 505 1919 689 1794 761 sm10-150 0 0
1726 831 1872 814 1897 1020 1751 1037 sm12-102 0 0
