504 37 643 32 650 226 511 231 swsh12-138 0 1
643 55 778 14 835 204 700 245 sm8-8 0 1
863 52 1005 38 1025 236 884 251 swsh1-117 0 1
1015 42 1157 28 1177 222 1035 237 swsh1-119 0 1
821 312 964 302 978 499 835 510 sm7-35 0 1
546 269 689 264 697 463 553 468 sm5-119 0 1
842 570 987 560 1001 762 856 772 sm9-99 0 0
1165 524 1306 555 1262 752 1121 721 swsh12pt5-132 0 0
1177 869 1325 877 1315 1085 1167 1078 sm9-54 0 0
1004 843 1150 848 1143 1054 997 1049 sm9-56 0 0
787 845 932 840 939 1047 794 1052 sm8-5 0 0
605 825 748 850 713 1055 570 1030 sm8-8 0 0
1762 818 1912 856 1861 1063 1711 1026 swsh1-163 0 0
1726 548 1869 501 1935 703 1792 750 sm12-102 0 0
