694 60 839 51 852 255 707 264 swsh1-9 0 1
482 284 622 261 654 455 514 478 sm8-187 0 1
419 532 568 537 561 738 412 733 sm8-180 0 0
566 822 711 825 707 1036 562 1033 sm10-1 0 0
738 831 881 849 855 1057 711 1039 swsh45-13 0 0
902 845 1048 845 1048 1053 902 1053 sm12-21 0 0
1058 812 1203 812 1203 1018 1058 1018 swsh1-11 0 0
1186 554 1317 612 1236 797 1104 738 swsh2-154 0 0
831 517 975 514 980 718 836 721 swsh1-12 0 0
883 254 1024 273 998 469 857 450 sm11-1 0 1
1141 258 1278 302 1217 492 1080 448 sm2-116 0 1
1733 286 1932 302 1921 450 1721 434 sm5-119 0 1
1725 545 1871 502 1932 710 1787 753 sm12-102 0 0
1771 827 1924 850 1892 1065 1739 1043 sm8-8 0 0
