1695 319 1899 281 1927 428 1722 465 unknown 0 1
687 63 834 56 844 261 698 269 swsh45-9 0 1
850 32 991 22 1006 221 865 232 sm8-8 0 1
1065 25 1206 25 1205 221 1064 221 sm8-5 0 1
477 290 616 265 651 459 512 484 sm8-187 0 1
876 257 1018 275 994 471 852 454 sm11-1 0 1
1134 258 1271 301 1212 490 1075 448 sm2-116 0 1
832 540 1033 540 1033 683 832 683 swsh1-12 0 1
417 540 563 542 561 743 414 740 sm8-180 0 0
1172 551 1306 605 1230 792 1097 737 swsh35-56 0 0
1057 811 1202 811 1202 1017 1057 1017 swsh1-11 0 0
901 846 1046 844 1050 1051 904 1053 sm12-21 0 0
737 834 880 851 856 1057 713 1041 swsh45-13 0 0
566 826 711 827 709 1034 564 1033 sm10-1 0 0
1719 541 1864 495 1928 700 1784 745 sm12-102 0 0
1781 829 1934 852 1901 1065 1748 1042 sm9-56 0 0
