546 22 687 17 695 211 553 217 swsh10-134 0 1
729 16 869 18 866 214 725 211 swsh12-16 0 1
902 18 1041 25 1031 219 892 211 swsh9-40 0 1
1058 21 1200 26 1193 221 1051 216 swsh12-147 0 1
1210 8 1352 14 1343 209 1201 203 pgo-58 0 1
922 328 1121 326 1123 467 924 470 swsh12-138 0 1
569 283 711 286 708 482 566 480 swsh9-137 0 1
323 601 455 542 536 722 404 781 sv5-157 0 0
898 513 1045 513 1045 719 898 719 sv3-164 0 0
883 813 1027 819 1018 1023 874 1016 sv3pt5-146 0 0
690 820 834 820 834 1024 690 1024 sv4pt5-8 0 0
1079 841 1227 858 1204 1064 1056 1047 sv4pt5-54 0 0
1232 547 1377 615 1292 796 1147 729 sv4pt5-91 0 0
1332 590 1454 669 1344 838 1222 758 me1-114 0 0
1694 157 1831 214 1753 401 1616 344 sv1-166 0 0
1621 752 1518 648 1660 508 1763 613 swsh7-76 0 1
1645 854 1746 960 1600 1101 1498 994 swsh12-139 0 0
