1470 288 1611 282 1619 480 1478 486 unknown 0 0
606 44 743 24 772 216 635 236 swsh7-76 0 1
766 46 904 13 952 209 813 242 sv3-164 0 1
961 23 1104 23 1104 220 961 220 swsh12-139 0 1
1103 41 1236 -8 1304 174 1171 224 swsh12-147 0 1
1311 88 1453 86 1455 279 1313 281 unknown 0 0
1309 290 1453 281 1466 479 1322 489 unknown 0 1
1712 321 1918 274 1952 424 1746 471 sm8-187 0 1
226 412 373 415 370 615 222 612 unknown 0 1
238 619 379 633 358 834 217 819 unknown 0 0
57 618 200 612 209 812 65 818 unknown 0 0
63 830 208 834 202 1036 57 1032 unknown 0 0
220 860 362 847 380 1050 238 1063 unknown 0 0
547 412 627 527 454 646 375 530 sv5-157 0 0
576 839 718 806 765 1007 623 1040 sv3pt5-17 0 0
769 809 912 817 902 1023 758 1016 sv4pt5-8 0 0
932 794 1077 789 1084 994 939 999 swsh12-16 0 0
1078 803 1216 758 1280 953 1142 998 swsh9-40 0 0
1769 835 1922 864 1881 1077 1728 1048 sm8-5 0 0
1720 545 1863 498 1930 702 1787 749 sm12-102 0 0
1136 510 1261 581 1162 756 1037 685 sv4pt5-84 0 0
811 542 954 546 948 746 805 741 swsh12-138 0 0
773 305 978 301 981 441 775 444 sv4pt5-54 0 0
1052 296 1191 261 1240 452 1101 488 swsh9-137 0 1
432 66 566 23 627 208 493 252 pgo-58 0 1
