61 832 207 834 204 1037 58 1035 unknown 0 0
220 859 363 848 379 1052 237 1063 unknown 0 0
237 620 377 633 359 833 219 820 unknown 0 0
229 415 372 415 372 612 229 612 unknown 0 1
542 414 623 530 456 648 374 531 sv5-157 0 0
578 838 718 806 765 1007 625 1040 sv3pt5-17 0 0
769 808 915 817 902 1024 756 1015 sv4pt5-8 0 0
933 794 1077 790 1082 994 939 998 swsh12-16 0 0
1079 802 1217 759 1279 953 1141 997 swsh9-40 0 0
1136 510 1261 582 1161 755 1037 684 sv4pt5-84 0 0
810 542 952 545 948 744 806 742 swsh12-138 0 0
778 304 976 301 979 440 780 444 sv4pt5-54 0 0
1052 294 1192 260 1239 452 1099 487 swsh9-137 0 1
430 68 561 21 628 206 497 253 pgo-58 0 1
57 619 202 613 210 812 65 818 unknown 0 0
607 42 745 24 770 217 632 235 swsh7-76 0 1
764 46 904 9 956 206 816 243 sv3-164 0 1
962 23 1101 23 1101 219 962 219 swsh12-139 0 1
1105 41 1238 -7 1305 176 1171 225 swsh12-147 0 1
1311 88 1453 86 1456 280 1313 282 unknown 0 0
1309 290 1454 280 1468 479 1324 490 unknown 0 0
1473 286 1613 282 1619 481 1478 485 unknown 0 0
1713 320 1918 276 1950 426 1744 469 sm8-187 0 1
1722 543 1867 500 1929 705 1783 749 sm12-102 0 0
1769 834 1926 865 1884 1078 1727 1047 sm8-5 0 0
