1163 495 1291 481 1310 649 1183 664 unknown 0 1
274 509 396 524 376 688 254 673 unknown 0 0
267 689 390 694 382 861 259 855 unknown 0 0
413 498 535 510 518 674 397 662 unknown 0 0
406 680 527 693 509 858 389 845 unknown 0 0
566 649 681 639 695 800 580 810 sm11-1 0 0
693 658 809 651 818 811 701 817 swsh45-9 0 0
828 657 944 667 931 830 814 820 sm10-1 0 0
933 692 1047 685 1057 845 943 852 swsh45-13 0 0
1056 678 1171 681 1167 841 1052 838 sm12-21 0 0
1182 685 1297 678 1307 838 1191 845 sm8-187 0 0
540 470 649 431 704 584 595 623 sm8-180 0 0
790 373 904 364 917 523 803 532 swsh1-11 0 0
838 395 949 366 989 520 878 549 xy1-132 0 0
1032 478 1146 487 1133 647 1019 638 swsh1-169 0 0
1577 355 1732 398 1702 509 1546 466 swsh12pt5-144 0 1
1573 560 1686 525 1737 686 1624 721 sm12-102 0 0
1533 793 1642 734 1722 882 1613 941 sm8-5 0 0
1864 845 1968 839 1978 1007 1873 1013 swsh12-139 0 0
