1571 680 1768 671 1780 937 1582 945 sm8-187 0 0
927 160 1112 146 1131 405 946 419 swsh1-11 0 0
1004 193 1186 150 1246 400 1064 444 ex1-104 0 0
1322 335 1510 352 1486 612 1298 595 swsh1-169 0 0
1554 356 1771 336 1797 624 1580 643 unknown 0 1
114 370 293 391 261 652 82 630 unknown 0 0
98 652 284 669 262 929 75 912 unknown 0 0
327 355 513 377 482 637 296 615 unknown 0 0
310 644 496 668 463 931 277 907 unknown 0 0
526 311 700 253 783 501 609 559 sm8-180 0 0
563 600 744 587 763 849 581 862 sm11-1 0 0
763 619 948 615 953 871 768 875 swsh45-9 0 0
983 625 1168 642 1144 904 958 887 sm10-1 0 0
1154 683 1341 674 1353 936 1167 945 swsh45-13 0 0
1360 660 1555 677 1533 939 1338 922 sm12-21 0 0
