289 261 432 261 432 457 289 457 unknown 0 0
134 248 274 275 237 469 97 442 unknown 0 0
1759 306 1925 268 1959 416 1794 454 swsh1-12 0 0
1779 524 1925 518 1934 729 1787 734 sm12-102 0 0
793 290 933 294 927 495 787 491 sm8-8 0 0
1073 424 1213 450 1176 646 1036 621 swsh12pt5-141 0 0
1262 471 1418 454 1441 667 1285 684 unknown 0 0
1277 696 1422 712 1399 912 1254 896 sm10-190 0 0
1041 669 1183 672 1178 871 1036 868 sm8-5 0 0
852 671 994 693 962 892 821 869 sm9-54 0 0
681 653 822 673 795 868 654 848 sm7-33 0 0
497 648 640 659 624 858 481 847 sm9-56 0 0
269 709 415 703 423 902 277 907 unknown 0 0
125 693 267 709 245 902 103 886 unknown 0 0
130 470 269 495 233 692 94 667 unknown 0 0
279 481 423 474 433 671 289 678 unknown 0 0
