912 681 1054 675 1062 873 920 879 sm12-160 0 0
1767 544 1913 506 1966 711 1820 749 sm11-171 0 0
1760 304 1938 263 1973 412 1795 453 unknown 0 0
1273 417 1420 416 1422 623 1275 624 unknown 0 1
1261 699 1405 692 1415 892 1272 900 base4-94 0 0
136 248 275 262 256 459 116 445 unknown 0 0
297 241 439 250 427 444 284 436 unknown 0 0
289 468 431 496 393 690 251 662 unknown 0 0
141 471 282 490 255 688 114 669 unknown 0 0
124 706 270 715 258 912 111 903 unknown 0 0
287 699 433 711 417 908 270 896 unknown 0 0
570 641 710 671 668 867 528 837 sm12-180 0 0
755 662 895 684 864 881 724 859 sm12-78 0 0
772 285 916 295 901 495 757 484 sm12-116 0 0
991 422 1134 422 1134 621 991 621 sm12-194 0 0
1080 683 1223 673 1237 872 1094 882 sm12-74 0 0
1793 845 1931 822 1966 1031 1828 1054 sm9-56 0 0
