450 663 594 658 601 858 457 863 sm12-44 0 0
126 706 270 715 257 911 114 902 unknown 0 0
288 698 432 709 417 907 273 896 unknown 0 0
776 648 913 688 855 881 719 840 base4-79 0 0
901 683 1044 683 1044 882 901 882 sm12-48 0 0
298 239 441 251 425 446 282 434 unknown 0 0
1076 683 1216 693 1202 892 1061 881 sm12-64 0 0
1261 718 1406 693 1439 892 1295 916 sm12-180 0 0
1280 437 1425 432 1433 640 1287 646 unknown 0 1
790 289 932 309 905 506 763 487 sm12-42 0 0
1760 304 1928 268 1959 416 1791 451 unknown 0 0
1767 544 1913 507 1965 711 1820 749 sm11-171 0 0
1795 844 1928 823 1961 1033 1828 1054 sm9-56 0 0
609 649 750 661 732 858 591 846 base4-74 0 0
132 249 271 260 256 456 116 445 unknown 0 0
