692 819 834 818 836 1023 693 1024 sv4pt5-8 0 0
318 599 452 542 530 725 397 783 sv2-176 0 0
570 283 712 285 709 482 567 480 swsh9-137 0 1
547 22 687 17 694 212 554 217 swsh10-134 0 1
729 17 869 19 865 213 725 210 swsh12-16 0 1
900 18 1040 24 1032 218 892 212 swsh9-40 0 1
1057 22 1198 26 1192 220 1051 215 swsh12-147 0 1
1210 8 1352 15 1343 209 1201 202 pgo-58 0 1
975 265 1114 299 1066 496 926 461 swsh12-139 0 1
896 517 1040 515 1044 715 900 718 sv3-164 0 0
872 802 1016 822 987 1024 844 1003 swsh7-76 0 0
1075 842 1226 855 1208 1061 1057 1047 sv4pt5-54 0 0
1262 867 1405 896 1366 1096 1222 1068 sv3pt5-17 0 0
1375 619 1496 701 1383 866 1263 784 sv4pt5-84 0 0
1705 824 1832 895 1733 1071 1607 1001 swsh12-138 0 1
1672 528 1809 576 1742 765 1606 717 me1-131 0 0
1721 549 1838 638 1718 796 1601 707 me2pt5-213 0 0
1842 187 1908 312 1728 407 1662 283 sv4pt5-7 0 0
1181 330 1302 258 1403 429 1281 501 sv4pt5-91 0 1
1215 576 1355 609 1309 803 1170 771 sv4pt5-88 0 0
