779 776 916 737 970 929 833 967 sm12-26 0 0
1790 844 1927 821 1963 1030 1826 1053 sm9-56 0 0
235 553 380 559 372 759 226 753 unknown 0 0
228 778 371 783 364 982 221 977 unknown 0 0
405 789 548 789 548 992 405 992 unknown 0 0
398 562 540 555 549 751 407 758 unknown 0 0
636 742 773 779 721 971 584 934 sm12-31 0 0
949 755 1083 709 1147 897 1012 943 sm12-34 0 0
1198 791 1339 750 1396 947 1256 988 sm12-36 0 0
1196 474 1340 442 1385 644 1241 676 unknown 0 0
787 397 926 370 964 564 825 592 sm12-37 0 0
1759 304 1925 266 1959 414 1793 452 unknown 0 0
1764 546 1911 506 1965 708 1818 748 sm11-171 0 0
