1477 736 1642 774 1596 976 1431 938 unknown 0 1
236 552 381 559 371 760 226 753 unknown 0 0
228 776 372 780 366 981 222 977 unknown 0 0
404 788 548 788 548 992 404 992 unknown 0 0
398 561 540 554 550 752 408 760 unknown 0 0
635 742 773 779 721 972 583 934 sm12-31 0 0
777 777 915 737 970 928 833 968 sm12-26 0 0
820 407 962 395 979 591 837 604 sm12-28 0 0
948 755 1082 709 1147 897 1012 943 sm12-34 0 0
1228 450 1373 477 1336 679 1192 653 unknown 0 0
1195 793 1334 748 1399 946 1259 991 sm12-36 0 0
1556 750 1712 840 1607 1021 1452 930 unknown 0 0
1630 780 1756 923 1595 1064 1470 922 unknown 0 0
1792 844 1927 822 1961 1030 1826 1053 sm9-56 0 0
1764 545 1909 506 1964 711 1818 749 sm11-171 0 0
1759 305 1925 269 1958 415 1792 452 unknown 0 0
