229 775 372 780 364 981 221 976 unknown 0 0
236 552 381 559 371 759 226 752 unknown 0 0
403 791 547 790 548 991 405 993 unknown 0 0
397 563 539 556 549 752 407 759 unknown 0 0
590 749 732 749 732 948 590 948 sm12-128 0 0
746 738 889 741 884 940 741 937 sm12-135 0 0
798 442 995 456 986 598 788 585 sm12-23 0 1
884 750 1025 750 1025 950 884 950 sm12-29 0 0
1060 749 1202 761 1186 960 1044 948 sm12-31 0 0
1225 771 1370 757 1390 961 1245 975 sm12-28 0 0
1157 514 1291 460 1367 648 1233 702 unknown 0 0
1759 305 1920 270 1953 416 1792 452 swsh1-12 0 0
1766 545 1911 507 1965 711 1819 749 sm11-171 0 0
1793 844 1924 824 1957 1033 1825 1053 sm9-56 0 0
