715 761 857 758 861 958 719 961 sm12-8 0 0
864 752 1007 747 1014 947 872 952 sm12-6 0 0
1031 763 1174 752 1189 952 1046 963 sm12-3 0 0
802 435 943 435 943 633 802 633 sm12-18 0 0
1187 466 1330 433 1376 633 1233 666 unknown 0 0
236 552 379 559 370 759 226 753 unknown 0 0
226 778 369 782 364 981 221 977 unknown 0 0
402 794 546 792 549 992 404 994 unknown 0 0
396 561 537 555 547 752 406 759 unknown 0 0
561 769 705 770 704 970 560 970 sm12-9 0 0
1219 806 1352 746 1437 935 1304 995 sm12-34 0 0
1793 845 1923 824 1956 1033 1826 1054 sm9-56 0 0
1766 545 1910 507 1965 711 1820 749 sm11-171 0 0
1761 304 1922 270 1953 418 1792 452 unknown 0 0
