234 551 377 557 368 758 225 752 unknown 0 0
225 777 369 781 363 982 219 978 unknown 0 0
401 794 543 791 547 992 405 995 unknown 0 0
396 561 539 554 548 753 405 759 unknown 0 0
588 770 732 770 732 969 588 969 base3-47 0 0
713 774 854 758 876 956 735 972 base4-23 0 0
790 409 931 399 944 597 803 607 base4-24 0 0
1238 416 1380 391 1415 593 1273 618 unknown 0 0
881 785 1024 773 1040 972 898 984 base6-82 0 0
1032 782 1174 766 1196 964 1054 980 base4-83 0 0
1245 759 1393 750 1406 956 1258 966 sm12-9 0 0
1794 844 1925 824 1958 1032 1826 1053 sm9-56 0 0
1765 545 1911 506 1965 710 1819 749 sm11-171 0 0
1762 303 1923 271 1952 419 1791 451 unknown 0 0
