583 585 701 502 816 665 698 748 sm12-190 0 0
234 552 380 558 372 759 226 753 unknown 0 0
227 776 370 781 363 981 220 976 unknown 0 0
402 791 546 788 550 990 406 993 unknown 0 0
394 563 535 552 550 750 409 761 unknown 0 0
573 766 716 771 708 971 566 966 sm12-12 0 0
711 763 856 769 848 968 703 962 sm12-2 0 0
859 761 1001 761 1001 960 859 960 sm12-52 0 0
1026 765 1168 758 1178 957 1036 964 sm12-10 0 0
1281 759 1430 766 1419 976 1271 968 base4-83 0 0
1096 473 1228 523 1159 709 1026 659 sm12-208 0 0
813 409 1012 403 1016 545 817 551 sm12-25 0 1
1230 430 1372 402 1411 601 1269 629 unknown 0 0
1766 544 1910 507 1962 711 1818 748 sm11-171 0 0
1792 845 1930 823 1964 1033 1826 1055 sm9-56 0 0
1761 302 1924 271 1952 421 1790 452 unknown 0 0
