236 551 381 559 371 760 225 752 unknown 0 0
227 774 373 780 365 982 219 976 unknown 0 0
403 791 546 790 548 991 405 992 unknown 0 0
397 561 538 553 549 751 407 759 unknown 0 0
588 502 728 475 765 669 625 696 base4-120 0 0
555 769 699 773 694 974 551 970 sm12-53 0 0
705 774 846 784 832 982 691 972 sm12-60 0 0
801 406 943 396 957 594 815 605 sm11-153 0 0
1048 494 1189 518 1155 713 1014 688 base4-123 0 0
831 787 971 763 1005 959 865 983 base4-89 0 0
1002 774 1145 759 1166 958 1022 972 sm2-58 0 0
1242 797 1390 789 1402 996 1253 1004 sm12-190 0 0
1222 423 1367 399 1400 596 1256 620 sm12-166 0 0
1761 303 1926 269 1956 417 1791 451 unknown 0 0
1765 543 1911 506 1963 712 1816 748 sm11-171 0 0
1791 845 1926 822 1962 1031 1827 1054 sm9-56 0 0
