416 58 559 59 559 256 416 255 sm11-172 0 1
578 56 719 58 715 254 574 251 sm12-99 0 1
728 37 868 51 849 245 709 232 sm12-102 0 1
884 62 1025 60 1027 256 886 257 sm12-149 0 1
1053 109 1194 95 1212 290 1071 303 sm12-178 0 1
797 302 939 294 951 490 809 499 sm11-56 0 1
490 304 632 301 637 497 495 501 sm12-187 0 1
809 549 953 550 951 750 807 748 swsh8-205 0 0
497 841 642 822 668 1026 523 1044 sm12-155 0 0
643 824 788 813 803 1017 659 1028 sm12-70 0 0
793 815 936 808 946 1012 803 1019 sm12-25 0 0
948 818 1091 829 1076 1032 932 1021 sm12-42 0 0
1178 537 1302 609 1202 782 1078 711 sm11-199 0 0
1619 913 1725 804 1881 956 1775 1065 sm11-150 0 0
