548 783 687 754 728 950 589 979 sm12-166 0 0
696 767 838 760 847 960 705 967 sm12-60 0 0
574 498 709 451 774 637 640 684 base4-119 0 0
809 433 951 429 956 627 815 631 sm12-40 0 0
842 788 984 781 994 979 852 986 sm12-108 0 0
397 789 540 789 540 988 397 988 unknown 0 0
392 558 534 552 542 748 400 754 unknown 0 0
230 550 375 557 366 755 221 748 unknown 0 0
222 770 365 776 357 977 214 970 unknown 0 0
996 772 1136 755 1161 953 1020 970 sm2-58 0 0
1049 473 1185 514 1127 705 991 664 base6-108 0 0
1241 498 1382 482 1403 681 1262 696 sm12-17 0 0
1153 767 1296 759 1306 958 1163 965 sm12-18 0 0
1310 835 1454 792 1513 993 1370 1036 base4-123 0 0
1581 584 1771 613 1740 819 1551 791 sm12-166 0 0
1759 544 1902 507 1956 710 1812 748 sm11-171 0 0
1785 853 1923 818 1975 1024 1837 1059 sm9-56 0 0
1751 305 1931 270 1959 418 1779 452 unknown 0 0
