196 811 338 799 355 999 212 1011 unknown 0 0
363 806 506 778 544 976 401 1003 unknown 0 0
349 575 492 559 513 756 370 772 unknown 0 0
701 817 843 796 872 995 730 1016 base4-49 0 0
876 793 1018 790 1023 990 880 993 base3-37 0 0
1030 787 1173 788 1172 988 1029 986 sm12-166 0 0
1185 780 1328 776 1334 976 1191 981 sm12-60 0 0
859 502 1002 502 1001 702 858 701 base4-80 0 0
849 284 992 275 1004 474 862 483 base4-40 0 1
657 60 797 32 837 230 697 258 sm12-18 0 1
863 82 998 34 1064 222 929 269 sm12-40 0 1
1109 64 1250 45 1276 244 1135 262 sm12-108 0 1
1234 351 1350 434 1235 596 1119 513 base4-119 0 1
1663 555 1813 540 1834 748 1684 764 sm11-171 0 0
1674 865 1825 853 1841 1065 1691 1077 sm9-56 0 0
1616 271 1822 326 1783 472 1577 417 sm1-164 0 1
