196 812 338 799 356 998 213 1011 unknown 0 0
363 805 506 777 544 976 401 1003 unknown 0 0
348 575 491 558 514 755 372 772 unknown 0 0
661 806 804 807 803 1008 660 1007 sm12-26 0 0
818 814 961 806 972 1005 829 1013 sm11-153 0 0
985 800 1127 796 1134 996 992 1000 base4-89 0 0
842 593 984 585 996 783 853 792 sm12-17 0 0
825 381 965 351 1007 546 867 576 sm12-53 0 1
622 186 759 142 820 333 684 377 sm12-13 0 1
821 161 957 118 1017 309 881 352 sm12-15 0 1
1063 140 1203 162 1172 359 1032 337 sm12-15 0 1
1278 300 1420 305 1414 501 1272 497 unknown 0 1
1206 672 1353 669 1357 874 1210 876 unknown 0 0
1661 555 1811 539 1835 749 1684 766 sm11-171 0 0
1615 270 1821 325 1782 472 1576 417 sm1-164 0 1
1673 865 1825 853 1841 1065 1690 1077 sm9-56 0 0
