875 66 1017 51 1038 250 896 265 swsh12-16 0 1
1136 47 1275 79 1231 272 1092 240 sv4pt5-8 0 1
1582 334 1790 291 1821 441 1613 484 sm1-164 0 0
1661 554 1811 537 1835 748 1684 765 sm11-171 0 0
1674 864 1825 852 1842 1064 1691 1076 sm9-56 0 0
395 54 565 184 476 301 306 171 unknown 0 1
342 417 487 417 487 615 342 615 unknown 0 1
333 620 477 630 464 830 320 821 unknown 0 0
308 841 452 833 464 1035 319 1043 unknown 0 0
163 823 305 822 306 1021 164 1022 unknown 0 0
179 616 322 623 313 824 170 817 unknown 0 0
189 417 333 422 326 621 182 616 unknown 0 0
519 423 644 358 736 533 611 598 sv8pt5-119 0 1
519 815 662 794 691 993 548 1014 swsh7-76 0 0
702 808 845 811 840 1011 698 1008 swsh12-147 0 0
902 796 1043 818 1012 1015 871 993 pgo-58 0 0
1128 776 1268 813 1217 1005 1077 968 sv3-164 0 0
1151 542 1288 585 1228 775 1091 732 swsh9-137 0 0
833 576 976 577 974 776 831 775 swsh12-139 0 0
853 317 996 319 993 521 850 519 sv4pt5-54 0 1
715 39 858 50 844 249 700 239 swsh9-40 0 1
