933 138 1071 104 1119 296 981 331 ex13-62 0 1
1153 134 1295 150 1273 349 1131 333 ex13-62 0 1
777 89 920 97 910 296 767 288 ex13-59 0 1
643 94 782 88 791 288 653 294 ex13-59 0 1
1581 334 1790 291 1821 441 1612 484 sm1-164 0 0
1663 553 1811 538 1833 748 1684 763 sm11-171 0 0
1674 864 1823 851 1842 1064 1692 1077 sm9-56 0 0
747 793 892 788 898 989 754 994 ex13-55 0 0
908 788 1052 793 1046 993 902 988 ex13-38 0 0
220 567 350 499 444 678 313 746 ex13-60 0 0
1071 780 1215 786 1205 986 1062 979 ex13-50 0 0
839 563 983 561 984 761 840 762 ex13-39 0 0
429 477 574 460 597 661 451 678 ex13-85 0 0
838 387 1035 350 1061 491 865 528 ex13-60 0 0
597 789 740 778 755 979 612 990 ex13-42 0 0
