272 174 416 193 389 392 245 373 unknown 0 1
429 410 574 400 588 598 443 608 unknown 0 1
468 742 598 807 507 990 376 925 unknown 0 0
687 790 830 806 807 1006 665 989 sm12-178 0 0
848 794 990 786 1002 986 860 994 sm11-172 0 0
995 809 1132 770 1187 963 1050 1002 sm12-99 0 0
1138 784 1274 738 1337 928 1202 973 sm12-149 0 0
1336 755 1479 763 1468 963 1325 955 sm12-102 0 0
1653 549 1800 553 1794 757 1646 753 sm12-12 0 0
1582 330 1790 286 1821 434 1614 478 sm1-164 0 0
1210 477 1344 527 1275 713 1141 664 sm11-199 0 0
809 589 1006 574 1017 715 820 731 sm11-171 0 1
822 329 1020 339 1013 482 814 471 sm12-177 0 1
664 108 802 72 852 265 714 301 sm12-155 0 1
840 79 977 42 1028 234 891 271 sm12-70 0 1
1047 40 1190 50 1176 249 1033 239 sm12-25 0 1
1211 54 1353 59 1346 260 1203 254 sm12-42 0 1
1368 53 1512 68 1491 267 1347 252 swsh8-205 0 1
258 412 403 420 392 618 248 611 unknown 0 1
435 185 577 187 575 384 432 383 unknown 0 1
