832 323 1030 334 1022 478 823 466 sm11-107 0 1
832 528 975 521 986 721 842 728 sm11-129 0 0
635 802 780 807 773 1009 628 1004 sm10-145 0 0
909 822 1051 795 1089 991 947 1019 sm12-197 0 0
1083 785 1228 771 1247 971 1103 984 sm11-61 0 0
1625 833 1777 824 1789 1040 1637 1048 swsh1-167 0 0
515 119 655 86 702 283 562 316 sm11-147 0 1
674 104 816 83 845 282 703 303 sm11-150 0 1
869 86 1012 94 1000 293 857 285 sm11-181 0 1
1037 118 1180 122 1175 322 1032 318 sm11-9 0 1
1202 129 1345 118 1361 318 1218 330 sm11-133 0 1
1583 331 1790 285 1824 433 1616 480 sm1-164 0 0
1189 493 1326 533 1270 726 1133 686 sm12-205 0 0
