208 820 357 837 334 1045 184 1028 unknown 0 1
365 809 516 815 507 1023 356 1016 unknown 0 1
421 565 569 592 532 797 384 770 unknown 0 1
239 560 385 592 341 795 194 763 unknown 0 1
620 793 764 812 737 1013 593 994 swsh1-12 0 0
766 801 908 787 928 986 787 1001 swsh45-13 0 0
916 800 1057 779 1088 977 946 999 swsh45-11 0 0
848 531 991 524 1001 724 858 731 swsh1-12 0 0
605 554 751 544 765 747 619 757 sm8-180 0 0
453 346 561 251 692 402 583 496 swsh12pt5-129 0 1
693 99 831 65 879 258 741 293 sm12-21 0 1
844 296 989 297 987 497 842 496 sm11-1 0 1
855 88 997 61 1035 259 893 286 swsh1-9 0 1
1054 67 1197 59 1209 260 1065 268 sm10-1 0 1
1356 100 1496 60 1552 256 1412 296 unknown 0 0
1417 321 1571 299 1602 508 1448 530 unknown 0 1
1264 554 1404 588 1356 783 1217 749 swsh1-179 0 0
1454 737 1614 721 1635 930 1474 946 unknown 0 0
