1265 553 1404 588 1355 783 1216 748 swsh1-179 0 0
238 559 384 592 338 795 192 762 unknown 0 0
207 821 356 839 332 1046 182 1028 unknown 0 0
364 808 516 815 507 1023 355 1016 unknown 0 0
420 567 565 592 530 795 386 770 unknown 0 0
609 559 743 548 759 739 626 750 sm8-180 0 0
619 794 762 811 738 1011 596 994 swsh1-12 0 0
767 800 908 787 927 986 785 999 swsh45-13 0 0
916 800 1058 779 1088 977 946 998 swsh45-11 0 0
848 531 991 524 1002 723 858 731 swsh1-12 0 0
453 345 561 251 693 402 584 496 swsh12pt5-129 0 1
844 296 987 296 987 495 844 495 sm11-1 0 1
692 97 832 64 878 259 739 292 sm12-21 0 1
854 86 999 60 1036 261 890 287 swsh45-9 0 1
1055 68 1199 62 1208 262 1064 268 sm10-1 0 1
1356 100 1496 59 1553 256 1414 297 unknown 0 1
1416 322 1570 298 1602 507 1448 531 unknown 0 1
1454 740 1614 723 1636 930 1477 947 unknown 0 0
