578 56 717 59 714 254 574 252 sm12-99 0 1
416 59 558 58 559 254 417 255 sm11-172 0 1
727 37 868 52 848 246 707 231 sm12-102 0 1
883 63 1024 61 1026 256 885 258 sm12-149 0 1
1052 109 1193 96 1211 291 1069 304 sm12-178 0 1
798 303 939 294 950 491 809 499 sm11-56 0 1
810 549 952 552 948 750 806 748 swsh8-205 0 0
490 304 632 302 636 498 494 501 sm12-187 0 1
1177 538 1301 609 1202 783 1077 712 sm11-199 0 0
945 819 1090 828 1077 1032 932 1023 sm12-42 0 0
793 815 936 809 944 1013 801 1019 sm12-25 0 0
644 825 787 815 801 1018 657 1028 sm12-70 0 0
495 844 639 823 669 1025 524 1046 sm12-155 0 0
1619 919 1725 807 1882 954 1777 1066 sm11-150 0 0
