496 843 640 823 669 1025 525 1045 sm12-155 0 0
644 824 787 814 801 1018 658 1028 sm12-70 0 0
792 816 935 809 945 1012 801 1019 sm12-25 0 0
947 818 1091 829 1075 1033 931 1021 sm12-42 0 0
1135 818 1270 789 1303 944 1168 972 unknown 0 0
1217 805 1386 820 1374 951 1205 935 unknown 0 1
1289 809 1467 855 1435 976 1258 929 unknown 0 0
1349 817 1534 914 1472 1032 1288 935 unknown 0 1
1378 822 1566 964 1483 1074 1295 932 unknown 0 1
1609 890 1727 792 1863 955 1745 1053 sm11-147 0 0
1176 537 1301 608 1203 782 1078 711 sm11-199 0 0
490 305 632 302 636 499 494 502 sm12-187 0 1
808 550 952 551 951 750 808 750 swsh8-205 0 0
797 303 939 294 950 491 808 499 sm11-56 0 1
1052 109 1194 96 1211 291 1070 304 sm12-178 0 1
883 63 1024 61 1027 256 885 257 sm12-149 0 1
727 38 868 51 849 246 709 232 sm12-102 0 1
577 57 718 59 714 256 573 253 sm12-99 0 1
417 59 560 60 558 256 415 254 sm11-172 0 1
