472 422 602 360 687 539 558 601 swsh1-167 0 1
610 815 751 846 706 1046 565 1014 sm12-57 0 0
740 840 884 832 897 1036 752 1045 sm12-133 0 0
941 827 1085 843 1063 1046 918 1030 sm12-154 0 0
1083 845 1227 828 1251 1031 1108 1049 sm12-127 0 0
1279 832 1423 850 1397 1054 1253 1035 sm11-127 0 0
1654 870 1772 781 1901 951 1782 1041 sm12-200 0 0
1709 654 1822 566 1950 730 1837 818 sm12-102 0 0
1273 573 1407 629 1329 815 1195 758 sm12-188 0 0
1182 571 1325 577 1316 777 1173 771 unknown 0 0
815 580 958 569 973 769 830 780 sm11-150 0 0
796 335 992 358 976 498 780 476 sm11-107 0 0
493 86 635 76 650 271 508 281 sm11-133 0 1
653 92 794 86 803 282 662 288 sm11-9 0 1
821 99 962 89 975 283 835 293 sm11-61 0 1
1043 80 1179 117 1127 307 992 270 sm11-181 0 1
