610 814 751 847 705 1047 564 1015 sm12-57 0 0
738 841 883 832 896 1037 751 1046 sm12-133 0 0
940 827 1085 843 1062 1047 917 1031 sm12-154 0 0
1083 845 1227 828 1251 1034 1107 1051 sm12-127 0 0
1276 834 1422 852 1397 1055 1251 1037 sm11-127 0 0
1274 573 1408 631 1328 816 1194 759 sm12-188 0 0
1043 81 1179 118 1128 307 991 270 sm11-181 0 1
1181 572 1326 577 1318 778 1173 772 unknown 0 1
814 580 957 570 972 770 828 781 sm11-150 0 0
471 423 601 360 688 538 558 602 swsh1-167 0 0
795 335 992 359 975 500 778 476 sm11-107 0 0
493 87 635 76 649 272 507 282 sm11-133 0 1
653 92 793 86 803 282 662 289 sm11-9 0 1
821 99 961 90 974 284 834 293 sm11-61 0 1
