1691 157 1832 216 1753 404 1613 345 card 0
1620 752 1517 649 1658 509 1761 612 card 0
1642 854 1746 960 1602 1101 1498 995 card 0
1077 843 1227 857 1207 1063 1057 1049 card 0
883 813 1027 820 1017 1023 874 1016 card 0
1231 549 1361 608 1279 790 1148 730 card 0
1333 590 1453 670 1342 838 1221 758 card 0
689 820 833 820 833 1025 689 1025 card 0
922 328 1121 328 1121 469 922 469 card 0
896 521 1040 518 1044 717 900 720 card 0
545 22 687 18 694 213 552 218 card 0
728 17 869 20 864 214 724 211 card 0
900 18 1041 25 1032 218 891 212 card 0
1058 22 1199 27 1192 221 1050 216 card 0
1210 9 1352 16 1343 211 1200 203 card 0
569 283 712 287 707 483 564 479 card 0
322 601 456 542 536 724 402 783 card 0
