1619 751 1518 646 1661 509 1762 614 card 0
1333 590 1454 670 1344 837 1223 757 card 0
1233 547 1380 617 1294 798 1147 728 card 0
895 519 1040 516 1045 716 900 720 card 0
546 21 688 17 693 212 552 217 card 0
728 16 869 20 865 214 724 210 card 0
901 18 1041 24 1033 218 892 211 card 0
1058 21 1199 26 1192 220 1051 215 card 0
1211 8 1355 15 1346 209 1202 202 card 0
1693 156 1831 212 1756 399 1618 344 card 0
928 325 1125 325 1125 465 928 465 card 0
570 282 711 286 707 482 565 479 card 0
322 600 456 541 537 722 403 782 card 0
689 819 834 819 835 1024 690 1024 card 0
883 811 1028 818 1018 1023 873 1016 card 0
1078 842 1229 858 1207 1063 1056 1047 card 0
1642 852 1746 958 1602 1100 1497 995 card 0
