457 47 598 38 611 233 470 242 card 0
615 37 754 33 759 230 621 233 card 0
760 24 902 11 921 210 779 224 card 0
929 19 1070 22 1065 219 924 216 card 0
1097 18 1237 34 1215 229 1075 213 card 0
768 295 964 276 978 418 782 437 card 0
742 529 940 523 944 666 746 671 card 0
523 811 667 798 685 1002 542 1015 card 0
671 775 813 767 826 970 683 979 card 0
819 782 963 776 973 980 828 987 card 0
929 819 1058 755 1148 939 1019 1002 card 0
1152 798 1297 800 1294 1006 1149 1004 card 0
1148 505 1285 544 1231 736 1093 697 card 0
1643 196 1782 156 1840 360 1701 400 card 0
1705 519 1849 513 1857 715 1713 721 card 0
1722 829 1867 810 1894 1018 1750 1037 card 0
