527 67 664 35 708 226 572 258 card 0
681 41 818 34 828 231 691 238 card 0
844 53 987 53 986 251 844 251 card 0
1002 53 1143 65 1127 260 986 249 card 0
1161 71 1302 91 1274 284 1132 263 card 0
834 288 975 289 974 485 832 484 card 0
835 535 976 555 947 754 807 733 card 0
596 844 739 834 754 1040 610 1050 card 0
780 822 926 830 915 1036 769 1029 card 0
939 806 1083 817 1067 1022 923 1011 card 0
1136 806 1278 844 1224 1042 1083 1004 card 0
1718 528 1862 512 1885 716 1741 732 card 0
1722 828 1872 809 1898 1019 1748 1038 card 0
