502 49 642 38 657 230 516 241 card 0
652 30 787 32 784 228 649 225 card 0
794 24 935 31 925 231 784 224 card 0
957 49 1097 63 1077 257 937 243 card 0
1116 64 1253 102 1202 289 1065 251 card 0
799 258 940 263 934 459 792 454 card 0
808 474 950 480 942 678 800 673 card 0
525 778 669 769 681 971 537 980 card 0
686 776 827 776 827 980 686 980 card 0
835 777 980 782 973 988 828 983 card 0
988 788 1132 791 1128 995 984 992 card 0
1136 808 1282 806 1284 1011 1139 1013 card 0
1718 530 1865 524 1873 729 1727 735 card 0
1726 831 1871 813 1896 1020 1752 1038 card 0
