506 47 646 40 656 233 516 240 card 0
654 34 790 36 788 230 652 229 card 0
800 28 941 39 926 238 784 227 card 0
962 55 1102 72 1078 266 938 249 card 0
1120 73 1256 112 1202 299 1067 260 card 0
799 262 941 270 931 466 789 458 card 0
805 478 947 486 935 684 794 675 card 0
1718 529 1865 523 1875 730 1728 736 card 0
1726 830 1872 812 1898 1019 1752 1037 card 0
1128 818 1271 818 1271 1023 1128 1023 card 0
979 796 1123 800 1118 1005 974 1001 card 0
828 782 972 789 961 994 817 986 card 0
677 778 818 778 818 982 677 982 card 0
518 777 661 771 670 974 526 980 card 0
857 938 966 964 938 1083 829 1057 card 0
936 955 1106 1019 1064 1132 894 1068 card 0
929 1017 1150 1017 1150 1080 929 1080 card 0
