646 56 778 15 837 205 704 246 card 0
545 271 687 265 696 461 554 467 card 0
821 312 964 302 979 499 836 510 card 0
865 52 1007 38 1025 237 883 250 card 0
1015 42 1155 27 1175 222 1036 237 card 0
842 569 987 559 1001 762 856 772 card 0
1165 524 1306 556 1261 752 1120 720 card 0
607 825 751 852 712 1057 568 1029 card 0
788 844 933 841 938 1049 793 1052 card 0
1004 843 1149 847 1143 1054 998 1049 card 0
1179 870 1326 879 1314 1085 1166 1076 card 0
1725 545 1871 501 1933 706 1787 751 card 0
1761 818 1911 855 1860 1063 1710 1026 card 0
