504 37 643 32 650 226 511 231 card 0
643 55 778 14 835 204 700 245 card 0
863 52 1005 38 1025 236 884 251 card 0
1015 42 1157 28 1177 222 1035 237 card 0
821 312 964 302 978 499 835 510 card 0
546 269 689 264 697 463 553 468 card 0
842 570 987 560 1001 762 856 772 card 0
1165 524 1306 555 1262 752 1121 721 card 0
1177 869 1325 877 1315 1085 1167 1078 card 0
1004 843 1150 848 1143 1054 997 1049 card 0
787 845 932 840 939 1047 794 1052 card 0
605 825 748 850 713 1055 570 1030 card 0
1762 818 1912 856 1861 1063 1711 1026 card 0
1726 548 1869 501 1935 703 1792 750 card 0
