1695 319 1899 281 1927 428 1722 465 card 0
687 63 834 56 844 261 698 269 card 0
850 32 991 22 1006 221 865 232 card 0
1065 25 1206 25 1205 221 1064 221 card 0
477 290 616 265 651 459 512 484 card 0
876 257 1018 275 994 471 852 454 card 0
1134 258 1271 301 1212 490 1075 448 card 0
832 540 1033 540 1033 683 832 683 card 0
417 540 563 542 561 743 414 740 card 0
1172 551 1306 605 1230 792 1097 737 card 0
1057 811 1202 811 1202 1017 1057 1017 card 0
901 846 1046 844 1050 1051 904 1053 card 0
737 834 880 851 856 1057 713 1041 card 0
566 826 711 827 709 1034 564 1033 card 0
1719 541 1864 495 1928 700 1784 745 card 0
1781 829 1934 852 1901 1065 1748 1042 card 0
