546 22 687 17 695 211 553 217 card 0
729 16 869 18 866 214 725 211 card 0
902 18 1041 25 1031 219 892 211 card 0
1058 21 1200 26 1193 221 1051 216 card 0
1210 8 1352 14 1343 209 1201 203 card 0
922 328 1121 326 1123 467 924 470 card 0
569 283 711 286 708 482 566 480 card 0
323 601 455 542 536 722 404 781 card 0
898 513 1045 513 1045 719 898 719 card 0
883 813 1027 819 1018 1023 874 1016 card 0
690 820 834 820 834 1024 690 1024 card 0
1079 841 1227 858 1204 1064 1056 1047 card 0
1232 547 1377 615 1292 796 1147 729 card 0
1332 590 1454 669 1344 838 1222 758 card 0
1694 157 1831 214 1753 401 1616 344 card 0
1621 752 1518 648 1660 508 1763 613 card 0
1645 854 1746 960 1600 1101 1498 994 card 0
