1470 288 1611 282 1619 480 1478 486 card 0
606 44 743 24 772 216 635 236 card 0
766 46 904 13 952 209 813 242 card 0
961 23 1104 23 1104 220 961 220 card 0
1103 41 1236 -8 1304 174 1171 224 card 0
1311 88 1453 86 1455 279 1313 281 card 0
1309 290 1453 281 1466 479 1322 489 card 0
1712 321 1918 274 1952 424 1746 471 card 0
226 412 373 415 370 615 222 612 card 0
238 619 379 633 358 834 217 819 card 0
57 618 200 612 209 812 65 818 card 0
63 830 208 834 202 1036 57 1032 card 0
220 860 362 847 380 1050 238 1063 card 0
547 412 627 527 454 646 375 530 card 0
576 839 718 806 765 1007 623 1040 card 0
769 809 912 817 902 1023 758 1016 card 0
932 794 1077 789 1084 994 939 999 card 0
1078 803 1216 758 1280 953 1142 998 card 0
1769 835 1922 864 1881 1077 1728 1048 card 0
1720 545 1863 498 1930 702 1787 749 card 0
1136 510 1261 581 1162 756 1037 685 card 0
811 542 954 546 948 746 805 741 card 0
773 305 978 301 981 441 775 444 card 0
1052 296 1191 261 1240 452 1101 488 card 0
432 66 566 23 627 208 493 252 card 0
