61 832 207 834 204 1037 58 1035 card 0
220 859 363 848 379 1052 237 1063 card 0
237 620 377 633 359 833 219 820 card 0
229 415 372 415 372 612 229 612 card 0
542 414 623 530 456 648 374 531 card 0
578 838 718 806 765 1007 625 1040 card 0
769 808 915 817 902 1024 756 1015 card 0
933 794 1077 790 1082 994 939 998 card 0
1079 802 1217 759 1279 953 1141 997 card 0
1136 510 1261 582 1161 755 1037 684 card 0
810 542 952 545 948 744 806 742 card 0
778 304 976 301 979 440 780 444 card 0
1052 294 1192 260 1239 452 1099 487 card 0
430 68 561 21 628 206 497 253 card 0
57 619 202 613 210 812 65 818 card 0
607 42 745 24 770 217 632 235 card 0
764 46 904 9 956 206 816 243 card 0
962 23 1101 23 1101 219 962 219 card 0
1105 41 1238 -7 1305 176 1171 225 card 0
1311 88 1453 86 1456 280 1313 282 card 0
1309 290 1454 280 1468 479 1324 490 card 0
1473 286 1613 282 1619 481 1478 485 card 0
1713 320 1918 276 1950 426 1744 469 card 0
1722 543 1867 500 1929 705 1783 749 card 0
1769 834 1926 865 1884 1078 1727 1047 card 0
