73 553 224 567 204 776 53 762 card 0
69 781 225 786 219 996 63 991 card 0
243 763 396 775 381 987 227 975 card 0
248 531 402 544 384 753 231 740 card 0
406 492 542 437 619 627 483 682 card 0
717 357 859 339 884 538 742 556 card 0
1028 477 1172 483 1164 685 1020 679 card 0
446 715 593 698 618 905 470 923 card 0
605 720 751 707 769 913 623 926 card 0
779 716 925 722 916 927 771 921 card 0
912 755 1057 738 1080 941 935 957 card 0
1070 730 1217 730 1217 933 1070 933 card 0
1230 731 1377 719 1393 923 1247 935 card 0
1197 486 1362 466 1388 683 1223 703 card 0
783 378 920 340 973 533 836 571 card 0
1708 296 1905 343 1872 482 1675 435 card 0
1723 557 1864 504 1939 704 1799 757 card 0
1690 856 1823 773 1938 955 1805 1038 card 0
