289 261 432 261 432 457 289 457 card 0
134 248 274 275 237 469 97 442 card 0
1759 306 1925 268 1959 416 1794 454 card 0
1779 524 1925 518 1934 729 1787 734 card 0
793 290 933 294 927 495 787 491 card 0
1073 424 1213 450 1176 646 1036 621 card 0
1262 471 1418 454 1441 667 1285 684 card 0
1277 696 1422 712 1399 912 1254 896 card 0
1041 669 1183 672 1178 871 1036 868 card 0
852 671 994 693 962 892 821 869 card 0
681 653 822 673 795 868 654 848 card 0
497 648 640 659 624 858 481 847 card 0
269 709 415 703 423 902 277 907 card 0
125 693 267 709 245 902 103 886 card 0
130 470 269 495 233 692 94 667 card 0
279 481 423 474 433 671 289 678 card 0
