125 706 269 713 260 912 115 905 card 0
132 251 274 263 256 460 115 447 card 0
141 471 283 487 259 688 117 671 card 0
288 701 434 710 421 911 275 902 card 0
289 465 434 494 394 692 249 663 card 0
298 241 440 250 427 446 286 437 card 0
445 671 586 642 627 836 486 865 card 0
635 658 779 661 774 858 630 855 card 0
818 675 961 685 947 883 805 874 card 0
963 688 1107 682 1114 882 971 887 card 0
1114 683 1259 688 1253 886 1108 882 card 0
1299 674 1439 704 1398 899 1258 870 card 0
1282 463 1430 451 1447 659 1299 671 card 0
768 300 911 285 932 485 789 500 card 0
1761 304 1935 266 1968 413 1794 452 card 0
1766 544 1913 505 1967 710 1821 749 card 0
1794 845 1936 822 1969 1031 1827 1054 card 0
