927 685 1069 700 1048 897 906 883 card 0
134 243 276 256 258 453 116 441 card 0
298 238 441 247 429 443 286 435 card 0
126 707 268 715 257 912 115 904 card 0
288 698 433 709 418 906 273 895 card 0
772 278 915 277 917 477 774 479 card 0
629 649 766 695 704 883 567 837 card 0
810 636 945 679 884 871 749 828 card 0
1795 845 1926 824 1960 1033 1829 1054 card 0
1766 545 1913 504 1968 709 1822 749 card 0
1761 305 1921 268 1954 416 1794 452 card 0
1269 435 1414 441 1406 645 1261 639 card 0
1263 696 1406 669 1444 869 1301 896 card 0
1056 694 1197 672 1228 870 1087 891 card 0
