692 819 834 818 836 1023 693 1024 card 0
318 599 452 542 530 725 397 783 card 0
570 283 712 285 709 482 567 480 card 0
547 22 687 17 694 212 554 217 card 0
729 17 869 19 865 213 725 210 card 0
900 18 1040 24 1032 218 892 212 card 0
1057 22 1198 26 1192 220 1051 215 card 0
1210 8 1352 15 1343 209 1201 202 card 0
975 265 1114 299 1066 496 926 461 card 0
896 517 1040 515 1044 715 900 718 card 0
872 802 1016 822 987 1024 844 1003 card 0
1075 842 1226 855 1208 1061 1057 1047 card 0
1262 867 1405 896 1366 1096 1222 1068 card 0
1375 619 1496 701 1383 866 1263 784 card 0
1705 824 1832 895 1733 1071 1607 1001 card 0
1672 528 1809 576 1742 765 1606 717 card 0
1721 549 1838 638 1718 796 1601 707 card 0
1842 187 1908 312 1728 407 1662 283 card 0
1181 330 1302 258 1403 429 1281 501 card 0
1215 576 1355 609 1309 803 1170 771 card 0
