636 742 773 780 721 972 583 935 card 0
778 777 915 738 970 929 833 969 card 0
227 777 371 783 362 981 219 975 card 0
947 756 1080 709 1147 896 1014 944 card 0
235 553 379 559 370 759 227 753 card 0
1197 794 1335 750 1396 946 1258 989 card 0
1227 450 1374 475 1338 680 1191 654 card 0
821 406 962 395 977 592 836 603 card 0
1760 305 1924 269 1956 416 1793 452 card 0
1764 545 1910 508 1962 712 1816 749 card 0
1794 844 1923 825 1953 1034 1825 1053 card 0
1053 840 1198 929 1116 1063 971 974 card 0
983 823 1133 872 1082 1028 933 979 card 0
909 825 1056 825 1056 1007 909 1007 card 0
401 792 545 789 550 990 406 993 card 0
396 562 540 555 550 753 406 759 card 0
