237 552 382 560 370 760 225 751 card 0
226 778 370 782 364 981 220 977 card 0
404 789 548 789 548 992 404 992 card 0
398 560 541 555 549 753 406 759 card 0
585 779 728 782 724 981 581 978 card 0
741 784 883 791 873 990 732 983 card 0
883 786 1025 773 1043 971 901 984 card 0
1030 783 1170 757 1207 954 1066 980 card 0
825 429 966 447 941 644 800 626 card 0
1206 503 1348 468 1397 664 1255 700 card 0
1225 802 1363 751 1435 946 1297 997 card 0
1791 844 1924 822 1959 1032 1827 1054 card 0
1765 546 1910 507 1964 710 1819 748 card 0
1761 304 1926 270 1956 418 1791 451 card 0
