234 551 377 557 368 758 225 752 card 0
225 777 369 781 363 982 219 978 card 0
401 794 543 791 547 992 405 995 card 0
396 561 539 554 548 753 405 759 card 0
588 770 732 770 732 969 588 969 card 0
713 774 854 758 876 956 735 972 card 0
790 409 931 399 944 597 803 607 card 0
1238 416 1380 391 1415 593 1273 618 card 0
881 785 1024 773 1040 972 898 984 card 0
1032 782 1174 766 1196 964 1054 980 card 0
1245 759 1393 750 1406 956 1258 966 card 0
1794 844 1925 824 1958 1032 1826 1053 card 0
1765 545 1911 506 1965 710 1819 749 card 0
1762 303 1923 271 1952 419 1791 451 card 0
