583 585 701 502 816 665 698 748 card 0
234 552 380 558 372 759 226 753 card 0
227 776 370 781 363 981 220 976 card 0
402 791 546 788 550 990 406 993 card 0
394 563 535 552 550 750 409 761 card 0
573 766 716 771 708 971 566 966 card 0
711 763 856 769 848 968 703 962 card 0
859 761 1001 761 1001 960 859 960 card 0
1026 765 1168 758 1178 957 1036 964 card 0
1281 759 1430 766 1419 976 1271 968 card 0
1096 473 1228 523 1159 709 1026 659 card 0
813 409 1012 403 1016 545 817 551 card 0
1230 430 1372 402 1411 601 1269 629 card 0
1766 544 1910 507 1962 711 1818 748 card 0
1792 845 1930 823 1964 1033 1826 1055 card 0
1761 302 1924 271 1952 421 1790 452 card 0
