236 551 381 559 371 760 225 752 card 0
227 774 373 780 365 982 219 976 card 0
403 791 546 790 548 991 405 992 card 0
397 561 538 553 549 751 407 759 card 0
588 502 728 475 765 669 625 696 card 0
555 769 699 773 694 974 551 970 card 0
705 774 846 784 832 982 691 972 card 0
801 406 943 396 957 594 815 605 card 0
1048 494 1189 518 1155 713 1014 688 card 0
831 787 971 763 1005 959 865 983 card 0
1002 774 1145 759 1166 958 1022 972 card 0
1242 797 1390 789 1402 996 1253 1004 card 0
1222 423 1367 399 1400 596 1256 620 card 0
1761 303 1926 269 1956 417 1791 451 card 0
1765 543 1911 506 1963 712 1816 748 card 0
1791 845 1926 822 1962 1031 1827 1054 card 0
