416 58 559 59 559 256 416 255 card 0
578 56 719 58 715 254 574 251 card 0
728 37 868 51 849 245 709 232 card 0
884 62 1025 60 1027 256 886 257 card 0
1053 109 1194 95 1212 290 1071 303 card 0
797 302 939 294 951 490 809 499 card 0
490 304 632 301 637 497 495 501 card 0
809 549 953 550 951 750 807 748 card 0
497 841 642 822 668 1026 523 1044 card 0
643 824 788 813 803 1017 659 1028 card 0
793 815 936 808 946 1012 803 1019 card 0
948 818 1091 829 1076 1032 932 1021 card 0
1178 537 1302 609 1202 782 1078 711 card 0
1619 913 1725 804 1881 956 1775 1065 card 0
