548 783 687 754 728 950 589 979 card 0
696 767 838 760 847 960 705 967 card 0
574 498 709 451 774 637 640 684 card 0
809 433 951 429 956 627 815 631 card 0
842 788 984 781 994 979 852 986 card 0
397 789 540 789 540 988 397 988 card 0
392 558 534 552 542 748 400 754 card 0
230 550 375 557 366 755 221 748 card 0
222 770 365 776 357 977 214 970 card 0
996 772 1136 755 1161 953 1020 970 card 0
1049 473 1185 514 1127 705 991 664 card 0
1241 498 1382 482 1403 681 1262 696 card 0
1153 767 1296 759 1306 958 1163 965 card 0
1310 835 1454 792 1513 993 1370 1036 card 0
1581 584 1771 613 1740 819 1551 791 card 0
1759 544 1902 507 1956 710 1812 748 card 0
1785 853 1923 818 1975 1024 1837 1059 card 0
1751 305 1931 270 1959 418 1779 452 card 0
