196 812 338 799 356 998 213 1011 card 0
363 805 506 777 544 976 401 1003 card 0
348 575 491 558 514 755 372 772 card 0
661 806 804 807 803 1008 660 1007 card 0
818 814 961 806 972 1005 829 1013 card 0
985 800 1127 796 1134 996 992 1000 card 0
842 593 984 585 996 783 853 792 card 0
825 381 965 351 1007 546 867 576 card 0
622 186 759 142 820 333 684 377 card 0
821 161 957 118 1017 309 881 352 card 0
1063 140 1203 162 1172 359 1032 337 card 0
1278 300 1420 305 1414 501 1272 497 card 0
1206 672 1353 669 1357 874 1210 876 card 0
1661 555 1811 539 1835 749 1684 766 card 0
1615 270 1821 325 1782 472 1576 417 card 0
1673 865 1825 853 1841 1065 1690 1077 card 0
