933 138 1071 104 1119 296 981 331 card 0
1153 134 1295 150 1273 349 1131 333 card 0
777 89 920 97 910 296 767 288 card 0
643 94 782 88 791 288 653 294 card 0
1581 334 1790 291 1821 441 1612 484 card 0
1663 553 1811 538 1833 748 1684 763 card 0
1674 864 1823 851 1842 1064 1692 1077 card 0
747 793 892 788 898 989 754 994 card 0
908 788 1052 793 1046 993 902 988 card 0
220 567 350 499 444 678 313 746 card 0
1071 780 1215 786 1205 986 1062 979 card 0
839 563 983 561 984 761 840 762 card 0
429 477 574 460 597 661 451 678 card 0
838 387 1035 350 1061 491 865 528 card 0
597 789 740 778 755 979 612 990 card 0
