853 322 987 270 1061 457 927 509 card 0
856 67 1000 60 1009 260 865 266 card 0
1161 43 1300 83 1245 277 1105 238 card 0
1581 334 1789 291 1820 440 1612 483 card 0
1662 554 1813 539 1834 749 1683 764 card 0
1569 837 1785 851 1775 1008 1559 995 card 0
120 822 272 822 272 1031 120 1031 card 0
315 809 469 810 468 1018 314 1017 card 0
174 209 325 191 350 399 199 417 card 0
343 199 494 175 526 381 375 405 card 0
663 76 805 52 839 247 698 272 card 0
607 478 750 500 719 699 577 677 card 0
345 892 511 892 511 1028 345 1028 card 0
405 894 568 920 549 1045 385 1020 card 0
466 910 652 959 623 1069 437 1020 card 0
689 779 831 801 800 1000 658 978 card 0
888 786 1031 795 1019 995 876 987 card 0
1091 796 1234 808 1218 1007 1074 995 card 0
1246 530 1378 587 1300 771 1167 714 card 0
871 544 1015 541 1019 741 876 744 card 0
