832 323 1030 334 1022 478 823 466 card 0
832 528 975 521 986 721 842 728 card 0
635 802 780 807 773 1009 628 1004 card 0
909 822 1051 795 1089 991 947 1019 card 0
1083 785 1228 771 1247 971 1103 984 card 0
1625 833 1777 824 1789 1040 1637 1048 card 0
515 119 655 86 702 283 562 316 card 0
674 104 816 83 845 282 703 303 card 0
869 86 1012 94 1000 293 857 285 card 0
1037 118 1180 122 1175 322 1032 318 card 0
1202 129 1345 118 1361 318 1218 330 card 0
1583 331 1790 285 1824 433 1616 480 card 0
1189 493 1326 533 1270 726 1133 686 card 0
