208 820 357 837 334 1045 184 1028 card 0
365 809 516 815 507 1023 356 1016 card 0
421 565 569 592 532 797 384 770 card 0
239 560 385 592 341 795 194 763 card 0
620 793 764 812 737 1013 593 994 card 0
766 801 908 787 928 986 787 1001 card 0
916 800 1057 779 1088 977 946 999 card 0
848 531 991 524 1001 724 858 731 card 0
605 554 751 544 765 747 619 757 card 0
453 346 561 251 692 402 583 496 card 0
693 99 831 65 879 258 741 293 card 0
844 296 989 297 987 497 842 496 card 0
855 88 997 61 1035 259 893 286 card 0
1054 67 1197 59 1209 260 1065 268 card 0
1356 100 1496 60 1552 256 1412 296 card 0
1417 321 1571 299 1602 508 1448 530 card 0
1264 554 1404 588 1356 783 1217 749 card 0
1454 737 1614 721 1635 930 1474 946 card 0
