578 56 717 59 714 254 574 252 card 0
416 59 558 58 559 254 417 255 card 0
727 37 868 52 848 246 707 231 card 0
883 63 1024 61 1026 256 885 258 card 0
1052 109 1193 96 1211 291 1069 304 card 0
798 303 939 294 950 491 809 499 card 0
810 549 952 552 948 750 806 748 card 0
490 304 632 302 636 498 494 501 card 0
1177 538 1301 609 1202 783 1077 712 card 0
945 819 1090 828 1077 1032 932 1023 card 0
793 815 936 809 944 1013 801 1019 card 0
644 825 787 815 801 1018 657 1028 card 0
495 844 639 823 669 1025 524 1046 card 0
1619 919 1725 807 1882 954 1777 1066 card 0
