251 116 452 104 461 247 260 260 card 0
291 369 432 330 486 522 346 562 card 0
237 560 385 591 343 795 195 764 card 0
208 821 357 838 334 1044 184 1028 card 0
422 566 569 592 532 795 386 769 card 0
365 808 516 814 507 1022 357 1016 card 0
453 345 562 251 694 403 584 497 card 0
693 99 832 64 881 258 741 293 card 0
857 88 999 63 1034 260 892 285 card 0
1057 67 1199 60 1209 261 1066 268 card 0
1357 101 1496 61 1554 257 1415 298 card 0
1596 242 1730 171 1828 356 1693 427 card 0
1519 402 1644 474 1542 648 1418 575 card 0
1050 345 1183 295 1253 481 1120 531 card 0
843 295 988 295 988 496 843 496 card 0
613 547 766 547 766 750 613 750 card 0
848 531 991 523 1002 723 859 731 card 0
766 800 909 787 927 987 784 1000 card 0
620 794 763 813 738 1012 594 994 card 0
917 800 1059 780 1088 978 946 999 card 0
1115 819 1258 814 1265 1015 1122 1019 card 0
1265 554 1404 589 1356 783 1216 748 card 0
1453 741 1614 723 1636 931 1475 949 card 0
