1620 915 1725 805 1882 955 1776 1065 card 0
1177 538 1301 609 1201 783 1077 712 card 0
946 818 1090 829 1075 1033 931 1022 card 0
792 815 936 808 945 1012 801 1018 card 0
643 825 787 816 800 1018 656 1028 card 0
494 844 640 823 669 1024 524 1045 card 0
417 58 558 59 556 255 415 254 card 0
577 56 717 58 714 254 574 252 card 0
728 37 868 52 847 246 708 231 card 0
884 62 1024 60 1026 255 886 257 card 0
1052 108 1193 95 1211 290 1070 303 card 0
797 303 938 294 950 490 809 499 card 0
489 304 631 301 636 497 494 500 card 0
809 550 953 552 950 750 807 748 card 0
