496 843 640 823 669 1025 525 1045 card 0
644 824 787 814 801 1018 658 1028 card 0
792 816 935 809 945 1012 801 1019 card 0
947 818 1091 829 1075 1033 931 1021 card 0
1135 818 1270 789 1303 944 1168 972 card 0
1217 805 1386 820 1374 951 1205 935 card 0
1289 809 1467 855 1435 976 1258 929 card 0
1349 817 1534 914 1472 1032 1288 935 card 0
1378 822 1566 964 1483 1074 1295 932 card 0
1609 890 1727 792 1863 955 1745 1053 card 0
1176 537 1301 608 1203 782 1078 711 card 0
490 305 632 302 636 499 494 502 card 0
808 550 952 551 951 750 808 750 card 0
797 303 939 294 950 491 808 499 card 0
1052 109 1194 96 1211 291 1070 304 card 0
883 63 1024 61 1027 256 885 257 card 0
727 38 868 51 849 246 709 232 card 0
577 57 718 59 714 256 573 253 card 0
417 59 560 60 558 256 415 254 card 0
