610 814 751 847 705 1047 564 1015 card 0
738 841 883 832 896 1037 751 1046 card 0
940 827 1085 843 1062 1047 917 1031 card 0
1083 845 1227 828 1251 1034 1107 1051 card 0
1276 834 1422 852 1397 1055 1251 1037 card 0
1274 573 1408 631 1328 816 1194 759 card 0
1043 81 1179 118 1128 307 991 270 card 0
1181 572 1326 577 1318 778 1173 772 card 0
814 580 957 570 972 770 828 781 card 0
471 423 601 360 688 538 558 602 card 0
795 335 992 359 975 500 778 476 card 0
493 87 635 76 649 272 507 282 card 0
653 92 793 86 803 282 662 289 card 0
821 99 961 90 974 284 834 293 card 0
